
COMIENZO PROCESO:  28-05-2019 20:07:01

CAMINOS
+----+----+----+----+----+----+----+----+----+----+
| 0  | 12 | 3  | 23 | 1  | 5  | 23 | 56 | 12 | 11 |
| 12 | 0  | 9  | 18 | 3  | 41 | 45 | 5  | 41 | 27 |
| 3  | 9  | 0  | 89 | 56 | 21 | 12 | 48 | 14 | 29 |
| 23 | 18 | 89 | 0  | 87 | 46 | 75 | 17 | 50 | 42 |
| 1  | 3  | 56 | 87 | 0  | 55 | 22 | 86 | 14 | 33 |
| 5  | 41 | 21 | 46 | 55 | 0  | 21 | 76 | 54 | 81 |
| 23 | 45 | 12 | 75 | 22 | 21 | 0  | 11 | 57 | 48 |
| 56 | 5  | 48 | 17 | 86 | 76 | 11 | 0  | 63 | 24 |
| 12 | 41 | 14 | 50 | 14 | 54 | 57 | 63 | 0  | 9  |
| 11 | 27 | 29 | 42 | 33 | 81 | 48 | 24 | 9  | 0  |
+----+----+----+----+----+----+----+----+----+----+

VISIBILIDAD
+----------+----------+----------+----------+----------+----------+----------+----------+----------+----------+
|   0.0    | 0.083333 | 0.333333 | 0.043478 |   1.0    |   0.2    | 0.043478 | 0.017857 | 0.083333 | 0.090909 |
| 0.083333 |   0.0    | 0.111111 | 0.055556 | 0.333333 | 0.02439  | 0.022222 |   0.2    | 0.02439  | 0.037037 |
| 0.333333 | 0.111111 |   0.0    | 0.011236 | 0.017857 | 0.047619 | 0.083333 | 0.020833 | 0.071429 | 0.034483 |
| 0.043478 | 0.055556 | 0.011236 |   0.0    | 0.011494 | 0.021739 | 0.013333 | 0.058824 |   0.02   | 0.02381  |
|   1.0    | 0.333333 | 0.017857 | 0.011494 |   0.0    | 0.018182 | 0.045455 | 0.011628 | 0.071429 | 0.030303 |
|   0.2    | 0.02439  | 0.047619 | 0.021739 | 0.018182 |   0.0    | 0.047619 | 0.013158 | 0.018519 | 0.012346 |
| 0.043478 | 0.022222 | 0.083333 | 0.013333 | 0.045455 | 0.047619 |   0.0    | 0.090909 | 0.017544 | 0.020833 |
| 0.017857 |   0.2    | 0.020833 | 0.058824 | 0.011628 | 0.013158 | 0.090909 |   0.0    | 0.015873 | 0.041667 |
| 0.083333 | 0.02439  | 0.071429 |   0.02   | 0.071429 | 0.018519 | 0.017544 | 0.015873 |   0.0    | 0.111111 |
| 0.090909 | 0.037037 | 0.034483 | 0.02381  | 0.030303 | 0.012346 | 0.020833 | 0.041667 | 0.111111 |   0.0    |
+----------+----------+----------+----------+----------+----------+----------+----------+----------+----------+

FEROMONA INICIAL
+-----+-----+-----+-----+-----+-----+-----+-----+-----+-----+
| 0.0 | 0.1 | 0.1 | 0.1 | 0.1 | 0.1 | 0.1 | 0.1 | 0.1 | 0.1 |
| 0.1 | 0.0 | 0.1 | 0.1 | 0.1 | 0.1 | 0.1 | 0.1 | 0.1 | 0.1 |
| 0.1 | 0.1 | 0.0 | 0.1 | 0.1 | 0.1 | 0.1 | 0.1 | 0.1 | 0.1 |
| 0.1 | 0.1 | 0.1 | 0.0 | 0.1 | 0.1 | 0.1 | 0.1 | 0.1 | 0.1 |
| 0.1 | 0.1 | 0.1 | 0.1 | 0.0 | 0.1 | 0.1 | 0.1 | 0.1 | 0.1 |
| 0.1 | 0.1 | 0.1 | 0.1 | 0.1 | 0.0 | 0.1 | 0.1 | 0.1 | 0.1 |
| 0.1 | 0.1 | 0.1 | 0.1 | 0.1 | 0.1 | 0.0 | 0.1 | 0.1 | 0.1 |
| 0.1 | 0.1 | 0.1 | 0.1 | 0.1 | 0.1 | 0.1 | 0.0 | 0.1 | 0.1 |
| 0.1 | 0.1 | 0.1 | 0.1 | 0.1 | 0.1 | 0.1 | 0.1 | 0.0 | 0.1 |
| 0.1 | 0.1 | 0.1 | 0.1 | 0.1 | 0.1 | 0.1 | 0.1 | 0.1 | 0.0 |
+-----+-----+-----+-----+-----+-----+-----+-----+-----+-----+

GENERACIÓN  1 :

Población Generada
+------------+---------+
|  Caminos   | Fitness |
+------------+---------+
| AEICJDBGHF |   250   |
| AEJICFGDHB |   196   |
| AIJCEHBDGF |   311   |
| ACBEJIGHDF |   188   |
| AFCIJGEBHD |   144   |
| AEBHFICGJD |   255   |
| AGEBDFHJCI |   255   |
| AEBHJICDFG |   212   |
| AEGCBHDIJF |   206   |
+------------+---------+
El nuevo mejor global es: AFCIJGEBHD (144)
El peor local es: AIJCEHBDGF (311)

Arcos del mejor global
+----+----+----+----+----+----+----+----+----+
| AF | FC | CI | IJ | JG | GE | EB | BH | HD |
+----+----+----+----+----+----+----+----+----+

Arcos del peor local
+----+----+----+----+----+----+----+----+----+
| AI | IJ | JC | CE | EH | HB | BD | DG | GF |
+----+----+----+----+----+----+----+----+----+

Arcos del peor local sin los arcos del mejor global
+----+----+----+----+----+----+----+----+
| AI | JC | CE | EH | HB | BD | DG | GF |
+----+----+----+----+----+----+----+----+

FEROMONA
+----------+----------+----------+----------+----------+----------+----------+----------+----------+----------+
|   0.0    |  0.095   |  0.095   |  0.095   |  0.095   | 0.101944 |  0.095   |  0.095   | 0.09025  |  0.095   |
|  0.095   |   0.0    |  0.095   | 0.09025  | 0.101944 |  0.095   |  0.095   | 0.096847 |  0.095   |  0.095   |
|  0.095   |  0.095   |   0.0    |  0.095   | 0.09025  | 0.101944 |  0.095   |  0.095   | 0.101944 | 0.09025  |
|  0.095   | 0.09025  |  0.095   |   0.0    |  0.095   |  0.095   | 0.09025  | 0.101944 |  0.095   |  0.095   |
|  0.095   | 0.101944 | 0.09025  |  0.095   |   0.0    |  0.095   | 0.101944 | 0.09025  |  0.095   |  0.095   |
| 0.101944 |  0.095   | 0.101944 |  0.095   |  0.095   |   0.0    | 0.09025  |  0.095   |  0.095   |  0.095   |
|  0.095   |  0.095   |  0.095   | 0.09025  | 0.101944 | 0.09025  |   0.0    |  0.095   |  0.095   | 0.101944 |
|  0.095   | 0.096847 |  0.095   | 0.101944 | 0.09025  |  0.095   |  0.095   |   0.0    |  0.095   |  0.095   |
| 0.09025  |  0.095   | 0.101944 |  0.095   |  0.095   |  0.095   |  0.095   |  0.095   |   0.0    | 0.101944 |
|  0.095   |  0.095   | 0.09025  |  0.095   |  0.095   |  0.095   | 0.101944 |  0.095   | 0.101944 |   0.0    |
+----------+----------+----------+----------+----------+----------+----------+----------+----------+----------+

FEROMONA MUTADA
+----------+----------+----------+----------+----------+----------+----------+----------+----------+----------+
|   0.0    |  0.095   |  0.095   | 0.129518 |  0.095   | 0.101944 |  0.095   | 0.147768 | 0.09025  | 0.120109 |
|  0.095   |   0.0    |  0.095   | 0.09025  | 0.101944 |  0.095   |  0.095   | 0.096847 |  0.095   |  0.095   |
|  0.095   |  0.095   |   0.0    |  0.095   | 0.09025  | 0.101944 |  0.095   |  0.095   | 0.126012 | 0.09025  |
| 0.129518 | 0.09025  |  0.095   |   0.0    |  0.095   | 0.023722 | 0.09025  | 0.103091 |  0.095   |  0.095   |
|  0.095   | 0.101944 | 0.09025  |  0.095   |   0.0    |  0.095   | 0.101944 | 0.09025  | 0.334782 |  0.095   |
| 0.101944 |  0.095   | 0.101944 | 0.023722 |  0.095   |   0.0    | 0.09025  |  0.095   |  0.095   |  0.095   |
|  0.095   |  0.095   |  0.095   | 0.09025  | 0.101944 | 0.09025  |   0.0    |  0.095   |  0.095   | 0.101944 |
| 0.147768 | 0.096847 |  0.095   | 0.103091 | 0.09025  |  0.095   |  0.095   |   0.0    |  0.095   |  0.095   |
| 0.09025  |  0.095   | 0.126012 |  0.095   | 0.334782 |  0.095   |  0.095   |  0.095   |   0.0    | 0.101944 |
| 0.120109 |  0.095   | 0.09025  |  0.095   |  0.095   |  0.095   | 0.101944 |  0.095   | 0.101944 |   0.0    |
+----------+----------+----------+----------+----------+----------+----------+----------+----------+----------+
Se ha mutado 7 feromonas

GENERACIÓN  2 :

Población Generada
+------------+---------+
|  Caminos   | Fitness |
+------------+---------+
| AIEBGHJDCF |   261   |
| AHDBEIJGFC |   207   |
| ACBIEGHJDF |   212   |
| AEIHDBCFJG |   272   |
| AJEBCIGHFD |   260   |
| ACBFDJIEGH |   197   |
| AGHBCIEDJF |   286   |
| AJIEBHGCFD |   132   |
| ACBHDGFJEI |   258   |
+------------+---------+
El nuevo mejor global es: AJIEBHGCFD (132)
El peor local es: AGHBCIEDJF (286)

Arcos del mejor global
+----+----+----+----+----+----+----+----+----+
| AJ | JI | IE | EB | BH | HG | GC | CF | FD |
+----+----+----+----+----+----+----+----+----+

Arcos del peor local
+----+----+----+----+----+----+----+----+----+
| AG | GH | HB | BC | CI | IE | ED | DJ | JF |
+----+----+----+----+----+----+----+----+----+

Arcos del peor local sin los arcos del mejor global
+----+----+----+----+----+----+----+----+
| AG | GH | HB | BC | CI | ED | DJ | JF |
+----+----+----+----+----+----+----+----+

FEROMONA
+----------+----------+----------+----------+----------+----------+----------+----------+----------+----------+
|   0.0    | 0.09025  | 0.09025  | 0.123042 | 0.09025  | 0.096847 | 0.085738 | 0.14038  | 0.085738 | 0.12168  |
| 0.09025  |   0.0    | 0.085738 | 0.085738 | 0.104423 | 0.09025  | 0.09025  | 0.094602 | 0.09025  | 0.09025  |
| 0.09025  | 0.085738 |   0.0    | 0.09025  | 0.085738 | 0.104423 | 0.097826 | 0.09025  | 0.113726 | 0.085738 |
| 0.123042 | 0.085738 | 0.09025  |   0.0    | 0.085738 | 0.030112 | 0.085738 | 0.097936 | 0.09025  | 0.085738 |
| 0.09025  | 0.104423 | 0.085738 | 0.085738 |   0.0    | 0.09025  | 0.096847 | 0.085738 | 0.325619 | 0.09025  |
| 0.096847 | 0.09025  | 0.104423 | 0.030112 | 0.09025  |   0.0    | 0.085738 | 0.09025  | 0.09025  | 0.085738 |
| 0.085738 | 0.09025  | 0.097826 | 0.085738 | 0.096847 | 0.085738 |   0.0    | 0.092934 | 0.09025  | 0.096847 |
| 0.14038  | 0.094602 | 0.09025  | 0.097936 | 0.085738 | 0.09025  | 0.092934 |   0.0    | 0.09025  | 0.09025  |
| 0.085738 | 0.09025  | 0.113726 | 0.09025  | 0.325619 | 0.09025  | 0.09025  | 0.09025  |   0.0    | 0.104423 |
| 0.12168  | 0.09025  | 0.085738 | 0.085738 | 0.09025  | 0.085738 | 0.096847 | 0.09025  | 0.104423 |   0.0    |
+----------+----------+----------+----------+----------+----------+----------+----------+----------+----------+

FEROMONA MUTADA
+----------+----------+----------+----------+----------+----------+----------+----------+----------+----------+
|   0.0    | 0.09025  | 0.09025  | 0.123042 | 0.09025  | 0.096847 | 0.085738 | 0.14038  | 0.085738 | 0.026263 |
| 0.09025  |   0.0    | 0.085738 | 0.085738 | 0.104423 | 0.09025  | 0.09025  | 0.094602 | 0.09025  | 0.09025  |
| 0.09025  | 0.085738 |   0.0    | 0.09025  | 0.085738 | 0.023204 | 0.184996 | 0.104943 | 0.175803 | 0.085738 |
| 0.123042 | 0.085738 | 0.09025  |   0.0    | 0.130959 | 0.014655 | 0.085738 | 0.097936 | 0.09025  | 0.085738 |
| 0.09025  | 0.104423 | 0.085738 | 0.130959 |   0.0    | 0.09025  | 0.073961 | 0.085738 | 0.323623 | 0.09025  |
| 0.096847 | 0.09025  | 0.023204 | 0.014655 | 0.09025  |   0.0    | 0.085738 | 0.09025  | 0.09025  | 0.085738 |
| 0.085738 | 0.09025  | 0.184996 | 0.085738 | 0.073961 | 0.085738 |   0.0    | 0.092934 | 0.09025  | 0.096847 |
| 0.14038  | 0.094602 | 0.104943 | 0.097936 | 0.085738 | 0.09025  | 0.092934 |   0.0    | 0.09025  | 0.09025  |
| 0.085738 | 0.09025  | 0.175803 | 0.09025  | 0.323623 | 0.09025  | 0.09025  | 0.09025  |   0.0    | 0.245407 |
| 0.026263 | 0.09025  | 0.085738 | 0.085738 | 0.09025  | 0.085738 | 0.096847 | 0.09025  | 0.245407 |   0.0    |
+----------+----------+----------+----------+----------+----------+----------+----------+----------+----------+
Se ha mutado 10 feromonas

GENERACIÓN  3 :

Población Generada
+------------+---------+
|  Caminos   | Fitness |
+------------+---------+
| AEICHGDBJF |   289   |
| AICGHBDEJF |   273   |
| AEBHICJDGF |   253   |
| AJCGHBEIFD |   185   |
| AEIJGCBFHD |   227   |
| AEBCGDIJHF |   259   |
| AEJICGFHBD |   189   |
| AHBEIJCGDF |   249   |
| AEBHJCGDIF |   253   |
+------------+---------+
El mejor global se mantiene: AJIEBHGCFD (132)
El peor local es: AEICHGDBJF (289)

Arcos del mejor global
+----+----+----+----+----+----+----+----+----+
| AJ | JI | IE | EB | BH | HG | GC | CF | FD |
+----+----+----+----+----+----+----+----+----+

Arcos del peor local
+----+----+----+----+----+----+----+----+----+
| AE | EI | IC | CH | HG | GD | DB | BJ | JF |
+----+----+----+----+----+----+----+----+----+

Arcos del peor local sin los arcos del mejor global
+----+----+----+----+----+----+----+----+
| AE | EI | IC | CH | GD | DB | BJ | JF |
+----+----+----+----+----+----+----+----+

FEROMONA
+----------+----------+----------+----------+----------+----------+----------+----------+----------+----------+
|   0.0    | 0.085738 | 0.085738 | 0.11689  | 0.081451 | 0.092005 | 0.081451 | 0.133361 | 0.081451 | 0.032526 |
| 0.085738 |   0.0    | 0.081451 | 0.077378 | 0.106778 | 0.085738 | 0.085738 | 0.097447 | 0.085738 | 0.081451 |
| 0.085738 | 0.081451 |   0.0    | 0.085738 | 0.081451 | 0.02962  | 0.183322 | 0.094711 | 0.158662 | 0.081451 |
| 0.11689  | 0.077378 | 0.085738 |   0.0    | 0.124411 | 0.021498 | 0.077378 | 0.093039 | 0.085738 | 0.081451 |
| 0.081451 | 0.106778 | 0.081451 | 0.124411 |   0.0    | 0.085738 | 0.070263 | 0.081451 | 0.299267 | 0.085738 |
| 0.092005 | 0.085738 | 0.02962  | 0.021498 | 0.085738 |   0.0    | 0.081451 | 0.085738 | 0.085738 | 0.077378 |
| 0.081451 | 0.085738 | 0.183322 | 0.077378 | 0.070263 | 0.081451 |   0.0    | 0.095864 | 0.085738 | 0.092005 |
| 0.133361 | 0.097447 | 0.094711 | 0.093039 | 0.081451 | 0.085738 | 0.095864 |   0.0    | 0.085738 | 0.085738 |
| 0.081451 | 0.085738 | 0.158662 | 0.085738 | 0.299267 | 0.085738 | 0.085738 | 0.085738 |   0.0    | 0.240712 |
| 0.032526 | 0.081451 | 0.081451 | 0.081451 | 0.085738 | 0.077378 | 0.092005 | 0.085738 | 0.240712 |   0.0    |
+----------+----------+----------+----------+----------+----------+----------+----------+----------+----------+

FEROMONA MUTADA
+----------+----------+----------+----------+----------+----------+----------+----------+----------+----------+
|   0.0    | 0.085738 | 0.085738 | 0.040353 | 0.132097 | 0.092005 | 0.081451 | 0.133361 | 0.081451 | 0.032526 |
| 0.085738 |   0.0    | 0.081451 | 0.077378 | 0.192572 | 0.085738 | 0.085738 | 0.097447 | 0.085738 | 0.081451 |
| 0.085738 | 0.081451 |   0.0    | 0.138995 | 0.081451 | 0.054991 | 0.05481  | 0.094711 | 0.006496 | 0.130706 |
| 0.040353 | 0.077378 | 0.138995 |   0.0    | 0.124411 | 0.12115  | 0.077378 | 0.093039 | 0.085738 | 0.081451 |
| 0.132097 | 0.192572 | 0.081451 | 0.124411 |   0.0    | 0.085738 | 0.070263 | 0.081451 | 0.299267 | 0.105304 |
| 0.092005 | 0.085738 | 0.054991 | 0.12115  | 0.085738 |   0.0    | 0.081451 | 0.098762 | 0.085738 | 0.077378 |
| 0.081451 | 0.085738 | 0.05481  | 0.077378 | 0.070263 | 0.081451 |   0.0    | 0.282446 | 0.085738 | 0.092005 |
| 0.133361 | 0.097447 | 0.094711 | 0.093039 | 0.081451 | 0.098762 | 0.282446 |   0.0    | 0.085738 | 0.085738 |
| 0.081451 | 0.085738 | 0.006496 | 0.085738 | 0.299267 | 0.085738 | 0.085738 | 0.085738 |   0.0    | 0.240712 |
| 0.032526 | 0.081451 | 0.130706 | 0.081451 | 0.105304 | 0.077378 | 0.092005 | 0.085738 | 0.240712 |   0.0    |
+----------+----------+----------+----------+----------+----------+----------+----------+----------+----------+
Se ha mutado 12 feromonas

GENERACIÓN  4 :

Población Generada
+------------+---------+
|  Caminos   | Fitness |
+------------+---------+
| AEIJCBHGFD |   145   |
| AEBIJHDCGF |   217   |
| AEBHGCDFJI |   257   |
| AEBHGIJCDF |   250   |
| AEIJBCGHDF |   146   |
| AEBCHGFIJD |   198   |
| AEBHGIJDFC |   195   |
| AEBHGIJCDF |   250   |
| ABEIJCGHDF |   153   |
+------------+---------+
El mejor global se mantiene: AJIEBHGCFD (132)
El peor local es: AEBHGCDFJI (257)

Arcos del mejor global
+----+----+----+----+----+----+----+----+----+
| AJ | JI | IE | EB | BH | HG | GC | CF | FD |
+----+----+----+----+----+----+----+----+----+

Arcos del peor local
+----+----+----+----+----+----+----+----+----+
| AE | EB | BH | HG | GC | CD | DF | FJ | JI |
+----+----+----+----+----+----+----+----+----+

Arcos del peor local sin los arcos del mejor global
+----+----+----+----+
| AE | CD | DF | FJ |
+----+----+----+----+

FEROMONA
+----------+----------+----------+----------+----------+----------+----------+----------+----------+----------+
|   0.0    | 0.081451 | 0.081451 | 0.038335 | 0.119217 | 0.087405 | 0.077378 | 0.126693 | 0.077378 | 0.038475 |
| 0.081451 |   0.0    | 0.077378 | 0.073509 | 0.190519 | 0.081451 | 0.081451 | 0.100151 | 0.081451 | 0.077378 |
| 0.081451 | 0.077378 |   0.0    | 0.125443 | 0.077378 | 0.059817 | 0.059645 | 0.089975 | 0.006171 | 0.12417  |
| 0.038335 | 0.073509 | 0.125443 |   0.0    | 0.11819  | 0.116535 | 0.073509 | 0.088387 | 0.081451 | 0.077378 |
| 0.119217 | 0.190519 | 0.077378 | 0.11819  |   0.0    | 0.081451 | 0.06675  | 0.077378 | 0.291879 | 0.100039 |
| 0.087405 | 0.081451 | 0.059817 | 0.116535 | 0.081451 |   0.0    | 0.077378 | 0.093823 | 0.081451 | 0.069834 |
| 0.077378 | 0.081451 | 0.059645 | 0.073509 | 0.06675  | 0.077378 |   0.0    | 0.275899 | 0.081451 | 0.087405 |
| 0.126693 | 0.100151 | 0.089975 | 0.088387 | 0.077378 | 0.093823 | 0.275899 |   0.0    | 0.081451 | 0.081451 |
| 0.077378 | 0.081451 | 0.006171 | 0.081451 | 0.291879 | 0.081451 | 0.081451 | 0.081451 |   0.0    | 0.236252 |
| 0.038475 | 0.077378 | 0.12417  | 0.077378 | 0.100039 | 0.069834 | 0.087405 | 0.081451 | 0.236252 |   0.0    |
+----------+----------+----------+----------+----------+----------+----------+----------+----------+----------+

FEROMONA MUTADA
+----------+----------+----------+----------+----------+----------+----------+----------+----------+----------+
|   0.0    | 0.081451 | 0.081451 | 0.038335 | 0.036844 | 0.087405 | 0.165873 | 0.126693 | 0.029016 | 0.038475 |
| 0.081451 |   0.0    | 0.077378 | 0.22365  | 0.190519 | 0.081451 | 0.149666 | 0.100151 | 0.081451 | 0.077378 |
| 0.081451 | 0.077378 |   0.0    | 0.125443 | 0.077378 | 0.059817 | 0.059645 | 0.089975 | 0.263869 | 0.12417  |
| 0.038335 | 0.22365  | 0.125443 |   0.0    | 0.11819  | 0.036385 | 0.073509 | 0.088387 | 0.081451 | 0.077378 |
| 0.036844 | 0.190519 | 0.077378 | 0.11819  |   0.0    | 0.081451 | 0.06675  | 0.077378 | 0.291879 | 0.100039 |
| 0.087405 | 0.081451 | 0.059817 | 0.036385 | 0.081451 |   0.0    | 0.077378 | 0.093823 | 0.254958 | 0.069834 |
| 0.165873 | 0.149666 | 0.059645 | 0.073509 | 0.06675  | 0.077378 |   0.0    | 0.275899 | 0.081451 | 0.087405 |
| 0.126693 | 0.100151 | 0.089975 | 0.088387 | 0.077378 | 0.093823 | 0.275899 |   0.0    | 0.081451 | 0.183142 |
| 0.029016 | 0.081451 | 0.263869 | 0.081451 | 0.291879 | 0.254958 | 0.081451 | 0.081451 |   0.0    | 0.149668 |
| 0.038475 | 0.077378 | 0.12417  | 0.077378 | 0.100039 | 0.069834 | 0.087405 | 0.183142 | 0.149668 |   0.0    |
+----------+----------+----------+----------+----------+----------+----------+----------+----------+----------+
Se ha mutado 10 feromonas

GENERACIÓN  5 :

Población Generada
+------------+---------+
|  Caminos   | Fitness |
+------------+---------+
| AGHJIEBDCF |   212   |
| ABEIFGHJCD |   257   |
| AFICDBHGJE |   277   |
| AGHBEICDJF |   282   |
| AFEICBDJHG |   192   |
| AGHDEIJCBF |   240   |
| AEBDCIFHGJ |   314   |
| AEBDCIFGHJ |   235   |
| ACIEBGJHDF |   214   |
+------------+---------+
El mejor global se mantiene: AJIEBHGCFD (132)
El peor local es: AEBDCIFHGJ (314)

Arcos del mejor global
+----+----+----+----+----+----+----+----+----+
| AJ | JI | IE | EB | BH | HG | GC | CF | FD |
+----+----+----+----+----+----+----+----+----+

Arcos del peor local
+----+----+----+----+----+----+----+----+----+
| AE | EB | BD | DC | CI | IF | FH | HG | GJ |
+----+----+----+----+----+----+----+----+----+

Arcos del peor local sin los arcos del mejor global
+----+----+----+----+----+----+----+
| AE | BD | DC | CI | IF | FH | GJ |
+----+----+----+----+----+----+----+

FEROMONA
+----------+----------+----------+----------+----------+----------+----------+----------+----------+----------+
|   0.0    | 0.077378 | 0.077378 | 0.036418 | 0.033252 | 0.083034 | 0.15758  | 0.120358 | 0.027565 | 0.044127 |
| 0.077378 |   0.0    | 0.073509 | 0.201844 | 0.188569 | 0.077378 | 0.142183 | 0.102719 | 0.077378 | 0.073509 |
| 0.077378 | 0.073509 |   0.0    | 0.113212 | 0.073509 | 0.064402 | 0.064239 | 0.085477 | 0.238142 | 0.117962 |
| 0.036418 | 0.201844 | 0.113212 |   0.0    | 0.112281 | 0.042142 | 0.069834 | 0.083968 | 0.077378 | 0.073509 |
| 0.033252 | 0.188569 | 0.073509 | 0.112281 |   0.0    | 0.077378 | 0.063413 | 0.073509 | 0.284861 | 0.095037 |
| 0.083034 | 0.077378 | 0.064402 | 0.042142 | 0.077378 |   0.0    | 0.073509 | 0.084676 |  0.2301  | 0.066342 |
| 0.15758  | 0.142183 | 0.064239 | 0.069834 | 0.063413 | 0.073509 |   0.0    | 0.26968  | 0.077378 | 0.078883 |
| 0.120358 | 0.102719 | 0.085477 | 0.083968 | 0.073509 | 0.084676 | 0.26968  |   0.0    | 0.077378 | 0.173985 |
| 0.027565 | 0.077378 | 0.238142 | 0.077378 | 0.284861 |  0.2301  | 0.077378 | 0.077378 |   0.0    | 0.14976  |
| 0.044127 | 0.073509 | 0.117962 | 0.073509 | 0.095037 | 0.066342 | 0.078883 | 0.173985 | 0.14976  |   0.0    |
+----------+----------+----------+----------+----------+----------+----------+----------+----------+----------+

FEROMONA MUTADA
+----------+----------+----------+----------+----------+----------+----------+----------+----------+----------+
|   0.0    | 0.077378 | 0.077378 | 0.036418 | 0.033252 | 0.083034 | 0.15758  | 0.120358 | 0.027565 | 0.044127 |
| 0.077378 |   0.0    | 0.134053 | 0.201844 | 0.108818 | 0.077378 | 0.061626 | 0.238188 | 0.077378 | 0.253232 |
| 0.077378 | 0.134053 |   0.0    | 0.08891  | 0.073509 | 0.064402 | 0.064239 | 0.085477 | 0.238142 | 0.029213 |
| 0.036418 | 0.201844 | 0.08891  |   0.0    | 0.112281 | 0.042142 | 0.044242 | 0.083968 | 0.077378 | 0.073509 |
| 0.033252 | 0.108818 | 0.073509 | 0.112281 |   0.0    | 0.077378 | 0.063413 | 0.073509 | 0.150438 | 0.095037 |
| 0.083034 | 0.077378 | 0.064402 | 0.042142 | 0.077378 |   0.0    | 0.073509 | 0.084676 |  0.2301  | 0.066342 |
| 0.15758  | 0.061626 | 0.064239 | 0.044242 | 0.063413 | 0.073509 |   0.0    | 0.26968  | 0.077378 | 0.12474  |
| 0.120358 | 0.238188 | 0.085477 | 0.083968 | 0.073509 | 0.084676 | 0.26968  |   0.0    | 0.077378 | 0.115984 |
| 0.027565 | 0.077378 | 0.238142 | 0.077378 | 0.150438 |  0.2301  | 0.077378 | 0.077378 |   0.0    | 0.14976  |
| 0.044127 | 0.253232 | 0.029213 | 0.073509 | 0.095037 | 0.066342 | 0.12474  | 0.115984 | 0.14976  |   0.0    |
+----------+----------+----------+----------+----------+----------+----------+----------+----------+----------+
Se ha mutado 11 feromonas

GENERACIÓN  6 :

Población Generada
+------------+---------+
|  Caminos   | Fitness |
+------------+---------+
| AEJIFGHCBD |   204   |
| AJEBFICGHD |   196   |
| AEBHGJICDF |   226   |
| ACIJGHBEDF |   226   |
| AFIJBCGHDE |   231   |
| ACBIJEGHDF |   191   |
| AGHBEDCIFJ |   367   |
| ABHGICDJEF |   318   |
| ACIJBHGEDF |   224   |
+------------+---------+
El mejor global se mantiene: AJIEBHGCFD (132)
El peor local es: AGHBEDCIFJ (367)

Arcos del mejor global
+----+----+----+----+----+----+----+----+----+
| AJ | JI | IE | EB | BH | HG | GC | CF | FD |
+----+----+----+----+----+----+----+----+----+

Arcos del peor local
+----+----+----+----+----+----+----+----+----+
| AG | GH | HB | BE | ED | DC | CI | IF | FJ |
+----+----+----+----+----+----+----+----+----+

Arcos del peor local sin los arcos del mejor global
+----+----+----+----+----+----+----+----+----+
| AG | GH | HB | BE | ED | DC | CI | IF | FJ |
+----+----+----+----+----+----+----+----+----+

FEROMONA
+----------+----------+----------+----------+----------+----------+----------+----------+----------+----------+
|   0.0    | 0.073509 | 0.073509 | 0.034598 | 0.03159  | 0.078883 | 0.142216 | 0.11434  | 0.026187 | 0.049497 |
| 0.073509 |   0.0    | 0.127351 | 0.191752 | 0.105405 | 0.073509 | 0.058545 | 0.222161 | 0.073509 | 0.240571 |
| 0.073509 | 0.127351 |   0.0    | 0.080242 | 0.069834 | 0.068758 | 0.068603 | 0.081203 | 0.214923 | 0.027752 |
| 0.034598 | 0.191752 | 0.080242 |   0.0    | 0.101333 | 0.04761  | 0.04203  | 0.07977  | 0.073509 | 0.069834 |
| 0.03159  | 0.105405 | 0.069834 | 0.101333 |   0.0    | 0.073509 | 0.060242 | 0.069834 | 0.150492 | 0.090285 |
| 0.078883 | 0.073509 | 0.068758 | 0.04761  | 0.073509 |   0.0    | 0.069834 | 0.080442 | 0.207665 | 0.059874 |
| 0.142216 | 0.058545 | 0.068603 | 0.04203  | 0.060242 | 0.069834 |   0.0    | 0.250583 | 0.073509 | 0.118503 |
| 0.11434  | 0.222161 | 0.081203 | 0.07977  | 0.069834 | 0.080442 | 0.250583 |   0.0    | 0.073509 | 0.110185 |
| 0.026187 | 0.073509 | 0.214923 | 0.073509 | 0.150492 | 0.207665 | 0.073509 | 0.073509 |   0.0    | 0.149848 |
| 0.049497 | 0.240571 | 0.027752 | 0.069834 | 0.090285 | 0.059874 | 0.118503 | 0.110185 | 0.149848 |   0.0    |
+----------+----------+----------+----------+----------+----------+----------+----------+----------+----------+

FEROMONA MUTADA
+----------+----------+----------+----------+----------+----------+----------+----------+----------+----------+
|   0.0    | 0.225574 | 0.073509 | 0.034598 | 0.03159  | 0.078883 | 0.070106 | 0.128446 | 0.026187 | 0.08789  |
| 0.225574 |   0.0    | 0.220583 | 0.191752 | 0.105405 | 0.073509 | 0.174893 | 0.222161 | 0.073509 | 0.240571 |
| 0.073509 | 0.220583 |   0.0    | 0.080242 | 0.069834 | 0.068758 | 0.068603 | 0.081203 | 0.214923 | 0.027752 |
| 0.034598 | 0.191752 | 0.080242 |   0.0    | 0.101333 | 0.04761  | 0.04203  | 0.07977  | 0.073509 | 0.069834 |
| 0.03159  | 0.105405 | 0.069834 | 0.101333 |   0.0    | 0.073509 | 0.060242 | 0.069834 | 0.150492 | 0.090285 |
| 0.078883 | 0.073509 | 0.068758 | 0.04761  | 0.073509 |   0.0    | 0.105924 | 0.080442 | 0.207665 | 0.059874 |
| 0.070106 | 0.174893 | 0.068603 | 0.04203  | 0.060242 | 0.105924 |   0.0    | 0.250583 | 0.073509 | 0.193465 |
| 0.128446 | 0.222161 | 0.081203 | 0.07977  | 0.069834 | 0.080442 | 0.250583 |   0.0    | 0.073509 | 0.110185 |
| 0.026187 | 0.073509 | 0.214923 | 0.073509 | 0.150492 | 0.207665 | 0.073509 | 0.073509 |   0.0    | 0.149848 |
| 0.08789  | 0.240571 | 0.027752 | 0.069834 | 0.090285 | 0.059874 | 0.193465 | 0.110185 | 0.149848 |   0.0    |
+----------+----------+----------+----------+----------+----------+----------+----------+----------+----------+
Se ha mutado 8 feromonas

GENERACIÓN  7 :

Población Generada
+------------+---------+
|  Caminos   | Fitness |
+------------+---------+
| ABCIJGEFDH |   232   |
| AFICBJGHDE |   272   |
| ACIEBHJGFD |   178   |
| AFIJGHBEDC |   311   |
| ACBGHJIEDF |   248   |
| ABHGJCIEDF |   266   |
| ABHCIFGJED |   322   |
| ACIEBDHGJF |   209   |
| AJBHCIEGFD |   208   |
+------------+---------+
El mejor global se mantiene: AJIEBHGCFD (132)
El peor local es: ABHCIFGJED (322)

Arcos del mejor global
+----+----+----+----+----+----+----+----+----+
| AJ | JI | IE | EB | BH | HG | GC | CF | FD |
+----+----+----+----+----+----+----+----+----+

Arcos del peor local
+----+----+----+----+----+----+----+----+----+
| AB | BH | HC | CI | IF | FG | GJ | JE | ED |
+----+----+----+----+----+----+----+----+----+

Arcos del peor local sin los arcos del mejor global
+----+----+----+----+----+----+----+----+
| AB | HC | CI | IF | FG | GJ | JE | ED |
+----+----+----+----+----+----+----+----+

FEROMONA
+----------+----------+----------+----------+----------+----------+----------+----------+----------+----------+
|   0.0    | 0.203581 | 0.069834 | 0.032868 | 0.03001  | 0.074939 | 0.066601 | 0.122024 | 0.024878 | 0.091071 |
| 0.203581 |   0.0    | 0.209554 | 0.182164 | 0.107711 | 0.069834 | 0.166149 | 0.218629 | 0.069834 | 0.228542 |
| 0.069834 | 0.209554 |   0.0    | 0.076229 | 0.066342 | 0.072896 | 0.072748 | 0.073285 | 0.193968 | 0.026364 |
| 0.032868 | 0.182164 | 0.076229 |   0.0    | 0.091453 | 0.052805 | 0.039929 | 0.075781 | 0.069834 | 0.066342 |
| 0.03001  | 0.107711 | 0.066342 | 0.091453 |   0.0    | 0.069834 | 0.05723  | 0.066342 | 0.150543 | 0.081483 |
| 0.074939 | 0.069834 | 0.072896 | 0.052805 | 0.069834 |   0.0    | 0.095596 | 0.07642  | 0.187418 | 0.05688  |
| 0.066601 | 0.166149 | 0.072748 | 0.039929 | 0.05723  | 0.095596 |   0.0    | 0.24563  | 0.069834 | 0.174602 |
| 0.122024 | 0.218629 | 0.073285 | 0.075781 | 0.066342 | 0.07642  | 0.24563  |   0.0    | 0.069834 | 0.104676 |
| 0.024878 | 0.069834 | 0.193968 | 0.069834 | 0.150543 | 0.187418 | 0.069834 | 0.069834 |   0.0    | 0.149931 |
| 0.091071 | 0.228542 | 0.026364 | 0.066342 | 0.081483 | 0.05688  | 0.174602 | 0.104676 | 0.149931 |   0.0    |
+----------+----------+----------+----------+----------+----------+----------+----------+----------+----------+

FEROMONA MUTADA
+----------+----------+----------+----------+----------+----------+----------+----------+----------+----------+
|   0.0    | 0.203581 | 0.024284 | 0.060911 | 0.03001  | 0.074939 | 0.102685 | 0.001051 | 0.204129 | 0.091071 |
| 0.203581 |   0.0    | 0.209554 | 0.182164 | 0.107711 | 0.104961 | 0.166149 | 0.218629 | 0.069834 | 0.228542 |
| 0.024284 | 0.209554 |   0.0    | 0.076229 | 0.066342 | 0.072896 | 0.072748 | 0.073285 | 0.193968 | 0.026364 |
| 0.060911 | 0.182164 | 0.076229 |   0.0    | 0.091453 | 0.052805 | 0.039929 | 0.075781 | 0.069834 | 0.066342 |
| 0.03001  | 0.107711 | 0.066342 | 0.091453 |   0.0    | 0.145373 | 0.025782 | 0.066342 | 0.128909 | 0.081483 |
| 0.074939 | 0.104961 | 0.072896 | 0.052805 | 0.145373 |   0.0    | 0.279825 | 0.190159 | 0.187418 | 0.05688  |
| 0.102685 | 0.166149 | 0.072748 | 0.039929 | 0.025782 | 0.279825 |   0.0    | 0.24563  | 0.069834 | 0.174602 |
| 0.001051 | 0.218629 | 0.073285 | 0.075781 | 0.066342 | 0.190159 | 0.24563  |   0.0    | 0.069834 | 0.104676 |
| 0.204129 | 0.069834 | 0.193968 | 0.069834 | 0.128909 | 0.187418 | 0.069834 | 0.069834 |   0.0    | 0.149931 |
| 0.091071 | 0.228542 | 0.026364 | 0.066342 | 0.081483 | 0.05688  | 0.174602 | 0.104676 | 0.149931 |   0.0    |
+----------+----------+----------+----------+----------+----------+----------+----------+----------+----------+
Se ha mutado 11 feromonas

GENERACIÓN  8 :

Población Generada
+------------+---------+
|  Caminos   | Fitness |
+------------+---------+
| AIJBHGFCED |   249   |
| AICBHGFEJD |   202   |
| AEIJBHGFCD |   198   |
| AEBDJICGHF |   186   |
| AEBJICFGHD |   124   |
| AEICBFGHJD |   177   |
| AICBEDJGFH |   312   |
| ABCIJHGFED |   242   |
| AFGBHJICDE |   299   |
+------------+---------+
El nuevo mejor global es: AEBJICFGHD (124)
El peor local es: ABGFICEDJH (355)

Arcos del mejor global
+----+----+----+----+----+----+----+----+----+
| AE | EB | BJ | JI | IC | CF | FG | GH | HD |
+----+----+----+----+----+----+----+----+----+

Arcos del peor local
+----+----+----+----+----+----+----+----+----+
| AB | BG | GF | FI | IC | CE | ED | DJ | JH |
+----+----+----+----+----+----+----+----+----+

Arcos del peor local sin los arcos del mejor global
+----+----+----+----+----+----+----+----+
| AB | BG | GF | FI | CE | ED | DJ | JH |
+----+----+----+----+----+----+----+----+

FEROMONA
+----------+----------+----------+----------+----------+----------+----------+----------+----------+----------+
|   0.0    | 0.183732 | 0.023069 | 0.057865 | 0.036574 | 0.071192 | 0.097551 | 0.000999 | 0.193923 | 0.086518 |
| 0.183732 |   0.0    | 0.199077 | 0.173056 | 0.11039  | 0.099713 | 0.149949 | 0.207697 | 0.066342 | 0.225179 |
| 0.023069 | 0.199077 |   0.0    | 0.072418 | 0.059874 | 0.077315 | 0.069111 | 0.069621 | 0.192334 | 0.025046 |
| 0.057865 | 0.173056 | 0.072418 |   0.0    | 0.082537 | 0.050165 | 0.037932 | 0.080057 | 0.066342 | 0.059874 |
| 0.036574 | 0.11039  | 0.059874 | 0.082537 |   0.0    | 0.138104 | 0.024493 | 0.063025 | 0.122464 | 0.077408 |
| 0.071192 | 0.099713 | 0.077315 | 0.050165 | 0.138104 |   0.0    | 0.260203 | 0.180651 | 0.169144 | 0.054036 |
| 0.097551 | 0.149949 | 0.069111 | 0.037932 | 0.024493 | 0.260203 |   0.0    | 0.241413 | 0.066342 | 0.165872 |
| 0.000999 | 0.207697 | 0.069621 | 0.080057 | 0.063025 | 0.180651 | 0.241413 |   0.0    | 0.066342 | 0.09447  |
| 0.193923 | 0.066342 | 0.192334 | 0.066342 | 0.122464 | 0.169144 | 0.066342 | 0.066342 |   0.0    | 0.150499 |
| 0.086518 | 0.225179 | 0.025046 | 0.059874 | 0.077408 | 0.054036 | 0.165872 | 0.09447  | 0.150499 |   0.0    |
+----------+----------+----------+----------+----------+----------+----------+----------+----------+----------+

FEROMONA MUTADA
+----------+----------+----------+----------+----------+----------+----------+----------+----------+----------+
|   0.0    | 0.183732 | 0.023069 | 0.057865 | 0.036574 | 0.071192 | 0.097551 | 0.000999 | 0.193923 | 0.086518 |
| 0.183732 |   0.0    | 0.199077 | 0.173056 | 0.11039  | 0.099713 | 0.149949 | 0.207697 | 0.066342 | 0.225179 |
| 0.023069 | 0.199077 |   0.0    | 0.044727 | 0.059874 | 0.077315 | 0.069111 | 0.069621 | 0.009513 | 0.025046 |
| 0.057865 | 0.173056 | 0.044727 |   0.0    | 0.082537 | 0.050165 | 0.037932 | 0.080057 | 0.066342 | 0.143844 |
| 0.036574 | 0.11039  | 0.059874 | 0.082537 |   0.0    | 0.138104 | 0.024493 | 0.063025 | 0.129778 | 0.11126  |
| 0.071192 | 0.099713 | 0.077315 | 0.050165 | 0.138104 |   0.0    | 0.260203 | 0.180651 | 0.468373 | 0.030361 |
| 0.097551 | 0.149949 | 0.069111 | 0.037932 | 0.024493 | 0.260203 |   0.0    | 0.241413 | 0.066342 | 0.165872 |
| 0.000999 | 0.207697 | 0.069621 | 0.080057 | 0.063025 | 0.180651 | 0.241413 |   0.0    | 0.066342 | 0.09447  |
| 0.193923 | 0.066342 | 0.009513 | 0.066342 | 0.129778 | 0.468373 | 0.066342 | 0.066342 |   0.0    | 0.319689 |
| 0.086518 | 0.225179 | 0.025046 | 0.143844 | 0.11126  | 0.030361 | 0.165872 | 0.09447  | 0.319689 |   0.0    |
+----------+----------+----------+----------+----------+----------+----------+----------+----------+----------+
Se ha mutado 8 feromonas

GENERACIÓN  9 :

Población Generada
+------------+---------+
|  Caminos   | Fitness |
+------------+---------+
| ABCGHDJIFE |   221   |
| AIJBHGCFED |   239   |
| ABHGFIDJEC |   284   |
| AJIFGHBEDC |   290   |
| ACBHGFIJDE |   241   |
| AEBHGCFIJD |   158   |
| ABEIJHGFDC |   229   |
| ABHGFIJEDC |   321   |
| AIJGCBHEFD |   282   |
+------------+---------+
El mejor global se mantiene: AEBJICFGHD (124)
El peor local es: ABHGFIJEDC (321)

Arcos del mejor global
+----+----+----+----+----+----+----+----+----+
| AE | EB | BJ | JI | IC | CF | FG | GH | HD |
+----+----+----+----+----+----+----+----+----+

Arcos del peor local
+----+----+----+----+----+----+----+----+----+
| AB | BH | HG | GF | FI | IJ | JE | ED | DC |
+----+----+----+----+----+----+----+----+----+

Arcos del peor local sin los arcos del mejor global
+----+----+----+----+----+----+----+----+----+
| AB | BH | HG | GF | FI | IJ | JE | ED | DC |
+----+----+----+----+----+----+----+----+----+

FEROMONA
+----------+----------+----------+----------+----------+----------+----------+----------+----------+----------+
|   0.0    | 0.165818 | 0.021916 | 0.054972 | 0.04281  | 0.067632 | 0.092674 | 0.000949 | 0.184226 | 0.082192 |
| 0.165818 |   0.0    | 0.189123 | 0.164403 | 0.112935 | 0.094727 | 0.142452 | 0.187447 | 0.063025 | 0.221985 |
| 0.021916 | 0.189123 |   0.0    | 0.040366 | 0.05688  | 0.081514 | 0.065655 | 0.06614  | 0.017102 | 0.023794 |
| 0.054972 | 0.164403 | 0.040366 |   0.0    | 0.074489 | 0.047657 | 0.036036 | 0.084118 | 0.063025 | 0.136652 |
| 0.04281  | 0.112935 | 0.05688  | 0.074489 |   0.0    | 0.131199 | 0.023268 | 0.059874 | 0.123289 | 0.100412 |
| 0.067632 | 0.094727 | 0.081514 | 0.047657 | 0.131199 |   0.0    | 0.242495 | 0.171618 | 0.422706 | 0.028843 |
| 0.092674 | 0.142452 | 0.065655 | 0.036036 | 0.023268 | 0.242495 |   0.0    | 0.225537 | 0.063025 | 0.157578 |
| 0.000949 | 0.187447 | 0.06614  | 0.084118 | 0.059874 | 0.171618 | 0.225537 |   0.0    | 0.063025 | 0.089746 |
| 0.184226 | 0.063025 | 0.017102 | 0.063025 | 0.123289 | 0.422706 | 0.063025 | 0.063025 |   0.0    | 0.296181 |
| 0.082192 | 0.221985 | 0.023794 | 0.136652 | 0.100412 | 0.028843 | 0.157578 | 0.089746 | 0.296181 |   0.0    |
+----------+----------+----------+----------+----------+----------+----------+----------+----------+----------+

FEROMONA MUTADA
+----------+----------+----------+----------+----------+----------+----------+----------+----------+----------+
|   0.0    | 0.205186 | 0.021916 | 0.054972 | 0.04281  | 0.067632 | 0.092674 | 0.000949 | 0.184226 | 0.082192 |
| 0.205186 |   0.0    | 0.217483 | 0.164403 | 0.112935 | 0.07958  | 0.142452 | 0.187447 | 0.063025 | 0.221985 |
| 0.021916 | 0.217483 |   0.0    | 0.040366 | 0.05688  | 0.081514 | 0.065655 | 0.06614  | 0.017102 | 0.023794 |
| 0.054972 | 0.164403 | 0.040366 |   0.0    | 0.074489 | 0.047657 | 0.036036 | 0.084118 | 0.063025 | 0.325398 |
| 0.04281  | 0.112935 | 0.05688  | 0.074489 |   0.0    | 0.131199 |  0.1564  | 0.059874 | 0.123289 | 0.100412 |
| 0.067632 | 0.07958  | 0.081514 | 0.047657 | 0.131199 |   0.0    | 0.242495 | 0.341909 | 0.386449 | 0.028843 |
| 0.092674 | 0.142452 | 0.065655 | 0.036036 |  0.1564  | 0.242495 |   0.0    | 0.225537 | 0.063025 | 0.157578 |
| 0.000949 | 0.187447 | 0.06614  | 0.084118 | 0.059874 | 0.341909 | 0.225537 |   0.0    | 0.063025 | 0.089746 |
| 0.184226 | 0.063025 | 0.017102 | 0.063025 | 0.123289 | 0.386449 | 0.063025 | 0.063025 |   0.0    | 0.286659 |
| 0.082192 | 0.221985 | 0.023794 | 0.325398 | 0.100412 | 0.028843 | 0.157578 | 0.089746 | 0.286659 |   0.0    |
+----------+----------+----------+----------+----------+----------+----------+----------+----------+----------+
Se ha mutado 8 feromonas

GENERACIÓN  10 :

Población Generada
+------------+---------+
|  Caminos   | Fitness |
+------------+---------+
| AFIJDBEGHC |   212   |
| ABEIFHGJDC |   349   |
| AIJDBHGFCE |   195   |
| AEIJBCGFHD |   186   |
| ABHGEIJDCF |   225   |
| AFGHBJIECD |   237   |
| AGFIJBHECD |   370   |
| ABCHGJIFED |   333   |
| AIJEBCFGHD |   136   |
+------------+---------+
El mejor global se mantiene: AEBJICFGHD (124)
El peor local es: AGFIJBHECD (370)

Arcos del mejor global
+----+----+----+----+----+----+----+----+----+
| AE | EB | BJ | JI | IC | CF | FG | GH | HD |
+----+----+----+----+----+----+----+----+----+

Arcos del peor local
+----+----+----+----+----+----+----+----+----+
| AG | GF | FI | IJ | JB | BH | HE | EC | CD |
+----+----+----+----+----+----+----+----+----+

Arcos del peor local sin los arcos del mejor global
+----+----+----+----+----+----+----+----+----+
| AG | GF | FI | IJ | JB | BH | HE | EC | CD |
+----+----+----+----+----+----+----+----+----+

FEROMONA
+----------+----------+----------+----------+----------+----------+----------+----------+----------+----------+
|   0.0    | 0.194926 | 0.02082  | 0.052224 | 0.048734 | 0.06425  | 0.083638 | 0.000901 | 0.175015 | 0.078082 |
| 0.194926 |   0.0    | 0.206609 | 0.156183 | 0.115353 | 0.075601 | 0.135329 | 0.169171 | 0.059874 | 0.208003 |
| 0.02082  | 0.206609 |   0.0    | 0.03643  | 0.051334 | 0.085503 | 0.062373 | 0.062833 | 0.024311 | 0.022604 |
| 0.052224 | 0.156183 | 0.03643  |   0.0    | 0.070765 | 0.045274 | 0.034234 | 0.087977 | 0.059874 | 0.309128 |
| 0.048734 | 0.115353 | 0.051334 | 0.070765 |   0.0    | 0.124639 | 0.14858  | 0.054036 | 0.117124 | 0.095391 |
| 0.06425  | 0.075601 | 0.085503 | 0.045274 | 0.124639 |   0.0    | 0.226513 | 0.324813 | 0.34877  | 0.027401 |
| 0.083638 | 0.135329 | 0.062373 | 0.034234 | 0.14858  | 0.226513 |   0.0    | 0.222324 | 0.059874 | 0.149699 |
| 0.000901 | 0.169171 | 0.062833 | 0.087977 | 0.054036 | 0.324813 | 0.222324 |   0.0    | 0.059874 | 0.085259 |
| 0.175015 | 0.059874 | 0.024311 | 0.059874 | 0.117124 | 0.34877  | 0.059874 | 0.059874 |   0.0    | 0.266371 |
| 0.078082 | 0.208003 | 0.022604 | 0.309128 | 0.095391 | 0.027401 | 0.149699 | 0.085259 | 0.266371 |   0.0    |
+----------+----------+----------+----------+----------+----------+----------+----------+----------+----------+

FEROMONA MUTADA
+----------+----------+----------+----------+----------+----------+----------+----------+----------+----------+
|   0.0    | 0.194926 | 0.122114 | 0.052224 | 0.024377 | 0.048684 | 0.083638 | 0.000901 | 0.175015 | 0.128076 |
| 0.194926 |   0.0    | 0.206609 | 0.156183 | 0.115353 | 0.143904 | 0.135329 | 0.169171 | 0.059874 | 0.208003 |
| 0.122114 | 0.206609 |   0.0    | 0.02393  | 0.051334 | 0.085503 | 0.062373 | 0.062833 | 0.024311 | 0.022604 |
| 0.052224 | 0.156183 | 0.02393  |   0.0    | 0.070765 | 0.045274 | 0.271614 | 0.087977 | 0.059874 | 0.309128 |
| 0.024377 | 0.115353 | 0.051334 | 0.070765 |   0.0    | 0.124639 | 0.14858  | 0.054036 | 0.117124 | 0.095391 |
| 0.048684 | 0.143904 | 0.085503 | 0.045274 | 0.124639 |   0.0    | 0.226513 | 0.324813 | 0.34877  | 0.027401 |
| 0.083638 | 0.135329 | 0.062373 | 0.271614 | 0.14858  | 0.226513 |   0.0    | 0.222324 | 0.059874 | 0.149699 |
| 0.000901 | 0.169171 | 0.062833 | 0.087977 | 0.054036 | 0.324813 | 0.222324 |   0.0    | 0.059874 | 0.085259 |
| 0.175015 | 0.059874 | 0.024311 | 0.059874 | 0.117124 | 0.34877  | 0.059874 | 0.059874 |   0.0    | 0.266371 |
| 0.128076 | 0.208003 | 0.022604 | 0.309128 | 0.095391 | 0.027401 | 0.149699 | 0.085259 | 0.266371 |   0.0    |
+----------+----------+----------+----------+----------+----------+----------+----------+----------+----------+
Se ha mutado 7 feromonas

GENERACIÓN  11 :

Población Generada
+------------+---------+
|  Caminos   | Fitness |
+------------+---------+
| AIJDHBEGFC |   152   |
| ABDHFIEGJC |   290   |
| AIJDGFEBCH |   274   |
| AEIJDGFBHC |   256   |
| AIJDBHGFCE |   195   |
| ABEGJIFHDC |   330   |
| ABHGEFIJDC |   299   |
| ACBHFIJGED |   313   |
| AJIFGHBCED |   263   |
