
COMIENZO PROCESO:  28-05-2019 20:06:55

CAMINOS
+----+----+----+----+----+----+----+----+----+----+
| 0  | 12 | 3  | 23 | 1  | 5  | 23 | 56 | 12 | 11 |
| 12 | 0  | 9  | 18 | 3  | 41 | 45 | 5  | 41 | 27 |
| 3  | 9  | 0  | 89 | 56 | 21 | 12 | 48 | 14 | 29 |
| 23 | 18 | 89 | 0  | 87 | 46 | 75 | 17 | 50 | 42 |
| 1  | 3  | 56 | 87 | 0  | 55 | 22 | 86 | 14 | 33 |
| 5  | 41 | 21 | 46 | 55 | 0  | 21 | 76 | 54 | 81 |
| 23 | 45 | 12 | 75 | 22 | 21 | 0  | 11 | 57 | 48 |
| 56 | 5  | 48 | 17 | 86 | 76 | 11 | 0  | 63 | 24 |
| 12 | 41 | 14 | 50 | 14 | 54 | 57 | 63 | 0  | 9  |
| 11 | 27 | 29 | 42 | 33 | 81 | 48 | 24 | 9  | 0  |
+----+----+----+----+----+----+----+----+----+----+

VISIBILIDAD
+----------+----------+----------+----------+----------+----------+----------+----------+----------+----------+
|   0.0    | 0.083333 | 0.333333 | 0.043478 |   1.0    |   0.2    | 0.043478 | 0.017857 | 0.083333 | 0.090909 |
| 0.083333 |   0.0    | 0.111111 | 0.055556 | 0.333333 | 0.02439  | 0.022222 |   0.2    | 0.02439  | 0.037037 |
| 0.333333 | 0.111111 |   0.0    | 0.011236 | 0.017857 | 0.047619 | 0.083333 | 0.020833 | 0.071429 | 0.034483 |
| 0.043478 | 0.055556 | 0.011236 |   0.0    | 0.011494 | 0.021739 | 0.013333 | 0.058824 |   0.02   | 0.02381  |
|   1.0    | 0.333333 | 0.017857 | 0.011494 |   0.0    | 0.018182 | 0.045455 | 0.011628 | 0.071429 | 0.030303 |
|   0.2    | 0.02439  | 0.047619 | 0.021739 | 0.018182 |   0.0    | 0.047619 | 0.013158 | 0.018519 | 0.012346 |
| 0.043478 | 0.022222 | 0.083333 | 0.013333 | 0.045455 | 0.047619 |   0.0    | 0.090909 | 0.017544 | 0.020833 |
| 0.017857 |   0.2    | 0.020833 | 0.058824 | 0.011628 | 0.013158 | 0.090909 |   0.0    | 0.015873 | 0.041667 |
| 0.083333 | 0.02439  | 0.071429 |   0.02   | 0.071429 | 0.018519 | 0.017544 | 0.015873 |   0.0    | 0.111111 |
| 0.090909 | 0.037037 | 0.034483 | 0.02381  | 0.030303 | 0.012346 | 0.020833 | 0.041667 | 0.111111 |   0.0    |
+----------+----------+----------+----------+----------+----------+----------+----------+----------+----------+

FEROMONA INICIAL
+-----+-----+-----+-----+-----+-----+-----+-----+-----+-----+
| 0.0 | 0.1 | 0.1 | 0.1 | 0.1 | 0.1 | 0.1 | 0.1 | 0.1 | 0.1 |
| 0.1 | 0.0 | 0.1 | 0.1 | 0.1 | 0.1 | 0.1 | 0.1 | 0.1 | 0.1 |
| 0.1 | 0.1 | 0.0 | 0.1 | 0.1 | 0.1 | 0.1 | 0.1 | 0.1 | 0.1 |
| 0.1 | 0.1 | 0.1 | 0.0 | 0.1 | 0.1 | 0.1 | 0.1 | 0.1 | 0.1 |
| 0.1 | 0.1 | 0.1 | 0.1 | 0.0 | 0.1 | 0.1 | 0.1 | 0.1 | 0.1 |
| 0.1 | 0.1 | 0.1 | 0.1 | 0.1 | 0.0 | 0.1 | 0.1 | 0.1 | 0.1 |
| 0.1 | 0.1 | 0.1 | 0.1 | 0.1 | 0.1 | 0.0 | 0.1 | 0.1 | 0.1 |
| 0.1 | 0.1 | 0.1 | 0.1 | 0.1 | 0.1 | 0.1 | 0.0 | 0.1 | 0.1 |
| 0.1 | 0.1 | 0.1 | 0.1 | 0.1 | 0.1 | 0.1 | 0.1 | 0.0 | 0.1 |
| 0.1 | 0.1 | 0.1 | 0.1 | 0.1 | 0.1 | 0.1 | 0.1 | 0.1 | 0.0 |
+-----+-----+-----+-----+-----+-----+-----+-----+-----+-----+

GENERACIÓN  1 :

Población Generada
+------------+---------+
|  Caminos   | Fitness |
+------------+---------+
| AEBCGHDIFJ |   238   |
| AFCGEBHJID |   151   |
| ABHGJDFEIC |   247   |
| AFHGCIJEBD |   181   |
| AEBGHDFJIC |   227   |
| AEBCIDHGFJ |   207   |
| AEJIFCGBDH |   210   |
| AEBHDFGCIJ |   128   |
| AEIJCFGHBD |   129   |
+------------+---------+
El nuevo mejor global es: AEBHDFGCIJ (128)
El peor local es: AFBHJGEICD (262)

Arcos del mejor global
+----+----+----+----+----+----+----+----+----+
| AE | EB | BH | HD | DF | FG | GC | CI | IJ |
+----+----+----+----+----+----+----+----+----+

Arcos del peor local
+----+----+----+----+----+----+----+----+----+
| AF | FB | BH | HJ | JG | GE | EI | IC | CD |
+----+----+----+----+----+----+----+----+----+

Arcos del peor local sin los arcos del mejor global
+----+----+----+----+----+----+----+----+
| AF | FB | HJ | JG | GE | EI | IC | CD |
+----+----+----+----+----+----+----+----+

FEROMONA
+----------+----------+----------+----------+----------+----------+----------+----------+----------+----------+
|   0.0    |  0.095   |  0.095   |  0.095   | 0.102812 | 0.09025  |  0.095   |  0.095   |  0.095   |  0.095   |
|  0.095   |   0.0    |  0.095   |  0.095   | 0.102812 | 0.09025  |  0.095   | 0.102812 |  0.095   |  0.095   |
|  0.095   |  0.095   |   0.0    | 0.09025  |  0.095   |  0.095   | 0.102812 |  0.095   | 0.097672 |  0.095   |
|  0.095   |  0.095   | 0.09025  |   0.0    |  0.095   | 0.102812 |  0.095   | 0.102812 |  0.095   |  0.095   |
| 0.102812 | 0.102812 |  0.095   |  0.095   |   0.0    |  0.095   | 0.09025  |  0.095   | 0.09025  |  0.095   |
| 0.09025  | 0.09025  |  0.095   | 0.102812 |  0.095   |   0.0    | 0.102812 |  0.095   |  0.095   |  0.095   |
|  0.095   |  0.095   | 0.102812 |  0.095   | 0.09025  | 0.102812 |   0.0    |  0.095   |  0.095   | 0.09025  |
|  0.095   | 0.102812 |  0.095   | 0.102812 |  0.095   |  0.095   |  0.095   |   0.0    |  0.095   | 0.09025  |
|  0.095   |  0.095   | 0.097672 |  0.095   | 0.09025  |  0.095   |  0.095   |  0.095   |   0.0    | 0.102812 |
|  0.095   |  0.095   |  0.095   |  0.095   |  0.095   |  0.095   | 0.09025  | 0.09025  | 0.102812 |   0.0    |
+----------+----------+----------+----------+----------+----------+----------+----------+----------+----------+

FEROMONA MUTADA
+----------+----------+----------+----------+----------+----------+----------+----------+----------+----------+
|   0.0    |  0.095   |  0.095   |  0.095   | 0.096785 | 0.09025  |  0.095   | 0.111806 |  0.095   |  0.095   |
|  0.095   |   0.0    |  0.095   | 0.037178 | 0.102812 | 0.09025  |  0.095   | 0.102812 |  0.095   |  0.095   |
|  0.095   |  0.095   |   0.0    | 0.09025  |  0.095   |  0.095   | 0.057591 |  0.095   | 0.097672 |  0.095   |
|  0.095   | 0.037178 | 0.09025  |   0.0    |  0.095   | 0.102812 |  0.095   | 0.102812 |  0.095   |  0.095   |
| 0.096785 | 0.102812 |  0.095   |  0.095   |   0.0    |  0.095   | 0.050905 | 0.012468 | 0.09025  |  0.095   |
| 0.09025  | 0.09025  |  0.095   | 0.102812 |  0.095   |   0.0    | 0.102812 |  0.095   |  0.095   |  0.095   |
|  0.095   |  0.095   | 0.057591 |  0.095   | 0.050905 | 0.102812 |   0.0    | 0.234897 |  0.095   | 0.101602 |
| 0.111806 | 0.102812 |  0.095   | 0.102812 | 0.012468 |  0.095   | 0.234897 |   0.0    |  0.095   | 0.09025  |
|  0.095   |  0.095   | 0.097672 |  0.095   | 0.09025  |  0.095   |  0.095   |  0.095   |   0.0    | 0.102812 |
|  0.095   |  0.095   |  0.095   |  0.095   |  0.095   |  0.095   | 0.101602 | 0.09025  | 0.102812 |   0.0    |
+----------+----------+----------+----------+----------+----------+----------+----------+----------+----------+
Se ha mutado 8 feromonas

GENERACIÓN  2 :

Población Generada
+------------+---------+
|  Caminos   | Fitness |
+------------+---------+
| AFGHBEIJCD |   186   |
| ACBEIHGJDF |   239   |
| AIJFBHGDCE |   379   |
| AJHBEFDICG |   220   |
| ACJIDGHBEF |   240   |
| ABHDGIECFJ |   338   |
| AEBJHGFCID |   172   |
| AEIDHBCJGF |   194   |
| AEBJHIFGCD |   294   |
+------------+---------+
El mejor global se mantiene: AEBHDFGCIJ (128)
El peor local es: AIJFBHGDCE (379)

Arcos del mejor global
+----+----+----+----+----+----+----+----+----+
| AE | EB | BH | HD | DF | FG | GC | CI | IJ |
+----+----+----+----+----+----+----+----+----+

Arcos del peor local
+----+----+----+----+----+----+----+----+----+
| AI | IJ | JF | FB | BH | HG | GD | DC | CE |
+----+----+----+----+----+----+----+----+----+

Arcos del peor local sin los arcos del mejor global
+----+----+----+----+----+----+----+
| AI | JF | FB | HG | GD | DC | CE |
+----+----+----+----+----+----+----+

FEROMONA
+----------+----------+----------+----------+----------+----------+----------+----------+----------+----------+
|   0.0    | 0.09025  | 0.09025  | 0.09025  | 0.099758 | 0.085738 | 0.09025  | 0.106216 | 0.085738 | 0.09025  |
| 0.09025  |   0.0    | 0.09025  | 0.03532  | 0.105484 | 0.081451 | 0.09025  | 0.105484 | 0.09025  | 0.09025  |
| 0.09025  | 0.09025  |   0.0    | 0.081451 | 0.085738 | 0.09025  | 0.062524 | 0.09025  | 0.100601 | 0.09025  |
| 0.09025  | 0.03532  | 0.081451 |   0.0    | 0.09025  | 0.105484 | 0.085738 | 0.105484 | 0.09025  | 0.09025  |
| 0.099758 | 0.105484 | 0.085738 | 0.09025  |   0.0    | 0.09025  | 0.04836  | 0.011845 | 0.085738 | 0.09025  |
| 0.085738 | 0.081451 | 0.09025  | 0.105484 | 0.09025  |   0.0    | 0.105484 | 0.09025  | 0.09025  | 0.085738 |
| 0.09025  | 0.09025  | 0.062524 | 0.085738 | 0.04836  | 0.105484 |   0.0    | 0.211995 | 0.09025  | 0.096522 |
| 0.106216 | 0.105484 | 0.09025  | 0.105484 | 0.011845 | 0.09025  | 0.211995 |   0.0    | 0.09025  | 0.085738 |
| 0.085738 | 0.09025  | 0.100601 | 0.09025  | 0.085738 | 0.09025  | 0.09025  | 0.09025  |   0.0    | 0.105484 |
| 0.09025  | 0.09025  | 0.09025  | 0.09025  | 0.09025  | 0.085738 | 0.096522 | 0.085738 | 0.105484 |   0.0    |
+----------+----------+----------+----------+----------+----------+----------+----------+----------+----------+

FEROMONA MUTADA
+----------+----------+----------+----------+----------+----------+----------+----------+----------+----------+
|   0.0    | 0.09025  | 0.09025  | 0.09025  | 0.099758 | 0.085738 | 0.09025  | 0.051986 | 0.085738 | 0.09025  |
| 0.09025  |   0.0    | 0.09025  | 0.03532  | 0.120922 | 0.037591 | 0.09025  | 0.105484 | 0.09025  | 0.09025  |
| 0.09025  | 0.09025  |   0.0    | 0.081451 | 0.085738 | 0.09025  | 0.062524 | 0.09025  | 0.15437  | 0.09025  |
| 0.09025  | 0.03532  | 0.081451 |   0.0    | 0.079003 | 0.105484 | 0.085738 | 0.105484 | 0.069928 | 0.09025  |
| 0.099758 | 0.120922 | 0.085738 | 0.079003 |   0.0    | 0.010601 | 0.04836  | 0.011845 | 0.085738 | 0.09025  |
| 0.085738 | 0.037591 | 0.09025  | 0.105484 | 0.010601 |   0.0    | 0.105484 | 0.09025  | 0.09025  | 0.085738 |
| 0.09025  | 0.09025  | 0.062524 | 0.085738 | 0.04836  | 0.105484 |   0.0    | 0.354249 | 0.008291 | 0.096522 |
| 0.051986 | 0.105484 | 0.09025  | 0.105484 | 0.011845 | 0.09025  | 0.354249 |   0.0    | 0.186901 | 0.085738 |
| 0.085738 | 0.09025  | 0.15437  | 0.069928 | 0.085738 | 0.09025  | 0.008291 | 0.186901 |   0.0    | 0.105484 |
| 0.09025  | 0.09025  | 0.09025  | 0.09025  | 0.09025  | 0.085738 | 0.096522 | 0.085738 | 0.105484 |   0.0    |
+----------+----------+----------+----------+----------+----------+----------+----------+----------+----------+
Se ha mutado 10 feromonas

GENERACIÓN  3 :

Población Generada
+------------+---------+
|  Caminos   | Fitness |
+------------+---------+
| AEBHGCDJIF |   226   |
| AEBHGFCIJD |   127   |
| ABHGJCIEDF |   266   |
| AEBCFIJGHD |   173   |
| AEBHGFDIJC |   175   |
| AEBIJFGHDC |   273   |
| AJIBEGHDFC |   181   |
| AEBHDFGJIC |   164   |
| ACIJEBHGDF |   199   |
+------------+---------+
El nuevo mejor global es: AEBHGFCIJD (127)
El peor local es: AEBIJFGHDC (273)

Arcos del mejor global
+----+----+----+----+----+----+----+----+----+
| AE | EB | BH | HG | GF | FC | CI | IJ | JD |
+----+----+----+----+----+----+----+----+----+

Arcos del peor local
+----+----+----+----+----+----+----+----+----+
| AE | EB | BI | IJ | JF | FG | GH | HD | DC |
+----+----+----+----+----+----+----+----+----+

Arcos del peor local sin los arcos del mejor global
+----+----+----+----+----+----+
| BI | JF | FG | GH | HD | DC |
+----+----+----+----+----+----+

FEROMONA
+----------+----------+----------+----------+----------+----------+----------+----------+----------+----------+
|   0.0    | 0.085738 | 0.085738 | 0.085738 | 0.102644 | 0.081451 | 0.085738 | 0.049387 | 0.081451 | 0.085738 |
| 0.085738 |   0.0    | 0.085738 | 0.033554 | 0.12275  | 0.035712 | 0.085738 | 0.108084 | 0.081451 | 0.085738 |
| 0.085738 | 0.085738 |   0.0    | 0.073509 | 0.081451 | 0.093612 | 0.059398 | 0.085738 | 0.154526 | 0.085738 |
| 0.085738 | 0.033554 | 0.073509 |   0.0    | 0.075053 | 0.10021  | 0.081451 |  0.0952  | 0.066432 | 0.093612 |
| 0.102644 | 0.12275  | 0.081451 | 0.075053 |   0.0    | 0.010071 | 0.045942 | 0.011253 | 0.081451 | 0.085738 |
| 0.081451 | 0.035712 | 0.093612 | 0.10021  | 0.010071 |   0.0    | 0.10268  | 0.085738 | 0.085738 | 0.077378 |
| 0.085738 | 0.085738 | 0.059398 | 0.081451 | 0.045942 | 0.10268  |   0.0    | 0.32719  | 0.007877 | 0.091696 |
| 0.049387 | 0.108084 | 0.085738 |  0.0952  | 0.011253 | 0.085738 | 0.32719  |   0.0    | 0.177556 | 0.081451 |
| 0.081451 | 0.081451 | 0.154526 | 0.066432 | 0.081451 | 0.085738 | 0.007877 | 0.177556 |   0.0    | 0.108084 |
| 0.085738 | 0.085738 | 0.085738 | 0.093612 | 0.085738 | 0.077378 | 0.091696 | 0.081451 | 0.108084 |   0.0    |
+----------+----------+----------+----------+----------+----------+----------+----------+----------+----------+

FEROMONA MUTADA
+----------+----------+----------+----------+----------+----------+----------+----------+----------+----------+
|   0.0    | 0.085738 | 0.085738 | 0.079265 | 0.102644 | 0.081451 | 0.085738 | 0.14512  | 0.081451 | 0.085738 |
| 0.085738 |   0.0    | 0.085738 | 0.033554 | 0.12275  | 0.035712 | 0.085738 | 0.108084 | 0.019855 | 0.085738 |
| 0.085738 | 0.085738 |   0.0    | 0.073509 | 0.081451 | 0.093612 | 0.059398 | 0.085738 | 0.154526 | 0.085738 |
| 0.079265 | 0.033554 | 0.073509 |   0.0    | 0.075053 | 0.10021  | 0.081451 | 0.124542 | 0.066432 | 0.093612 |
| 0.102644 | 0.12275  | 0.081451 | 0.075053 |   0.0    | 0.010071 | 0.045942 | 0.011253 | 0.081451 | 0.085738 |
| 0.081451 | 0.035712 | 0.093612 | 0.10021  | 0.010071 |   0.0    | 0.10268  | 0.085738 | 0.085738 | 0.077378 |
| 0.085738 | 0.085738 | 0.059398 | 0.081451 | 0.045942 | 0.10268  |   0.0    | 0.471195 | 0.007877 | 0.091696 |
| 0.14512  | 0.108084 | 0.085738 | 0.124542 | 0.011253 | 0.085738 | 0.471195 |   0.0    | 0.248792 | 0.081451 |
| 0.081451 | 0.019855 | 0.154526 | 0.066432 | 0.081451 | 0.085738 | 0.007877 | 0.248792 |   0.0    | 0.108084 |
| 0.085738 | 0.085738 | 0.085738 | 0.093612 | 0.085738 | 0.077378 | 0.091696 | 0.081451 | 0.108084 |   0.0    |
+----------+----------+----------+----------+----------+----------+----------+----------+----------+----------+
Se ha mutado 6 feromonas

GENERACIÓN  4 :

Población Generada
+------------+---------+
|  Caminos   | Fitness |
+------------+---------+
| AECGHBDJIF |   208   |
| AJHGDBEICF |   191   |
| AEBHGFICJD |   180   |
| ACIEBHGJFD |   225   |
| ACIHGFDJBE |   230   |
| AEBHDJICGF |   124   |
| AECBHGJFDI |   307   |
| AEBCGHJIFD |   169   |
| AEBDHGCIJF |   166   |
+------------+---------+
El nuevo mejor global es: AEBHDJICGF (124)
El peor local es: AECBHGJFDI (307)

Arcos del mejor global
+----+----+----+----+----+----+----+----+----+
| AE | EB | BH | HD | DJ | JI | IC | CG | GF |
+----+----+----+----+----+----+----+----+----+

Arcos del peor local
+----+----+----+----+----+----+----+----+----+
| AE | EC | CB | BH | HG | GJ | JF | FD | DI |
+----+----+----+----+----+----+----+----+----+

Arcos del peor local sin los arcos del mejor global
+----+----+----+----+----+----+----+
| EC | CB | HG | GJ | JF | FD | DI |
+----+----+----+----+----+----+----+

FEROMONA
+----------+----------+----------+----------+----------+----------+----------+----------+----------+----------+
|   0.0    | 0.081451 | 0.081451 | 0.075301 | 0.105577 | 0.077378 | 0.081451 | 0.137864 | 0.077378 | 0.081451 |
| 0.081451 |   0.0    | 0.077378 | 0.031876 | 0.124677 | 0.033926 | 0.081451 | 0.110744 | 0.018862 | 0.081451 |
| 0.081451 | 0.077378 |   0.0    | 0.069834 | 0.073509 | 0.088931 | 0.064493 | 0.081451 | 0.154864 | 0.081451 |
| 0.075301 | 0.031876 | 0.069834 |   0.0    |  0.0713  | 0.09044  | 0.077378 | 0.126379 | 0.059955 | 0.096995 |
| 0.105577 | 0.124677 | 0.073509 |  0.0713  |   0.0    | 0.009567 | 0.043645 | 0.01069  | 0.077378 | 0.081451 |
| 0.077378 | 0.033926 | 0.088931 | 0.09044  | 0.009567 |   0.0    | 0.10561  | 0.081451 | 0.081451 | 0.069834 |
| 0.081451 | 0.081451 | 0.064493 | 0.077378 | 0.043645 | 0.10561  |   0.0    | 0.425253 | 0.007483 | 0.082755 |
| 0.137864 | 0.110744 | 0.081451 | 0.126379 | 0.01069  | 0.081451 | 0.425253 |   0.0    | 0.236352 | 0.077378 |
| 0.077378 | 0.018862 | 0.154864 | 0.059955 | 0.077378 | 0.081451 | 0.007483 | 0.236352 |   0.0    | 0.110744 |
| 0.081451 | 0.081451 | 0.081451 | 0.096995 | 0.081451 | 0.069834 | 0.082755 | 0.077378 | 0.110744 |   0.0    |
+----------+----------+----------+----------+----------+----------+----------+----------+----------+----------+

FEROMONA MUTADA
+----------+----------+----------+----------+----------+----------+----------+----------+----------+----------+
|   0.0    | 0.081451 | 0.081451 | 0.075301 | 0.105577 | 0.077378 | 0.033505 | 0.137864 | 0.077378 | 0.081451 |
| 0.081451 |   0.0    | 0.077378 | 0.031876 | 0.124677 | 0.033926 | 0.081451 | 0.110744 | 0.018862 | 0.081451 |
| 0.081451 | 0.077378 |   0.0    | 0.069834 | 0.193627 | 0.088931 | 0.064493 | 0.081451 | 0.154864 | 0.081451 |
| 0.075301 | 0.031876 | 0.069834 |   0.0    |  0.0713  | 0.09044  | 0.047191 | 0.126379 | 0.059955 | 0.096995 |
| 0.105577 | 0.124677 | 0.193627 |  0.0713  |   0.0    | 0.009567 | 0.043645 | 0.01069  | 0.077378 | 0.081451 |
| 0.077378 | 0.033926 | 0.088931 | 0.09044  | 0.009567 |   0.0    | 0.070103 | 0.081451 | 0.081451 | 0.069834 |
| 0.033505 | 0.081451 | 0.064493 | 0.047191 | 0.043645 | 0.070103 |   0.0    | 0.425253 | 0.074049 | 0.082755 |
| 0.137864 | 0.110744 | 0.081451 | 0.126379 | 0.01069  | 0.081451 | 0.425253 |   0.0    | 0.33554  | 0.204476 |
| 0.077378 | 0.018862 | 0.154864 | 0.059955 | 0.077378 | 0.081451 | 0.074049 | 0.33554  |   0.0    | 0.110744 |
| 0.081451 | 0.081451 | 0.081451 | 0.096995 | 0.081451 | 0.069834 | 0.082755 | 0.204476 | 0.110744 |   0.0    |
+----------+----------+----------+----------+----------+----------+----------+----------+----------+----------+
Se ha mutado 7 feromonas

GENERACIÓN  5 :

Población Generada
+------------+---------+
|  Caminos   | Fitness |
+------------+---------+
| AEBHJICFDG |   198   |
| AEBHGICFDJ |   200   |
| AEBHICJDFG |   224   |
| AEBHGICFDJ |   200   |
| AEIJCFGHDB |   141   |
| AFEBJHGCID |   201   |
| ACGHJDFIEB |   209   |
| AEBHIJCFDG |   252   |
| ACIEBHJDFG |   172   |
+------------+---------+
El mejor global se mantiene: AEBHDJICGF (124)
El peor local es: AFCHJIGBED (299)

Arcos del mejor global
+----+----+----+----+----+----+----+----+----+
| AE | EB | BH | HD | DJ | JI | IC | CG | GF |
+----+----+----+----+----+----+----+----+----+

Arcos del peor local
+----+----+----+----+----+----+----+----+----+
| AF | FC | CH | HJ | JI | IG | GB | BE | ED |
+----+----+----+----+----+----+----+----+----+

Arcos del peor local sin los arcos del mejor global
+----+----+----+----+----+----+----+----+
| AF | FC | CH | HJ | IG | GB | BE | ED |
+----+----+----+----+----+----+----+----+

FEROMONA
+----------+----------+----------+----------+----------+----------+----------+----------+----------+----------+
|   0.0    | 0.077378 | 0.077378 | 0.071536 | 0.108362 | 0.069834 | 0.03183  | 0.13097  | 0.073509 | 0.077378 |
| 0.077378 |   0.0    | 0.073509 | 0.030282 | 0.120182 | 0.03223  | 0.073509 | 0.113272 | 0.017919 | 0.077378 |
| 0.077378 | 0.073509 |   0.0    | 0.066342 | 0.183945 | 0.08026  | 0.069332 | 0.073509 | 0.155185 | 0.077378 |
| 0.071536 | 0.030282 | 0.066342 |   0.0    | 0.064349 | 0.085918 | 0.044831 | 0.128125 | 0.056957 | 0.10021  |
| 0.108362 | 0.120182 | 0.183945 | 0.064349 |   0.0    | 0.009089 | 0.041463 | 0.010156 | 0.073509 | 0.077378 |
| 0.069834 | 0.03223  | 0.08026  | 0.085918 | 0.009089 |   0.0    | 0.074662 | 0.077378 | 0.077378 | 0.066342 |
| 0.03183  | 0.073509 | 0.069332 | 0.044831 | 0.041463 | 0.074662 |   0.0    | 0.403991 | 0.06683  | 0.078618 |
| 0.13097  | 0.113272 | 0.073509 | 0.128125 | 0.010156 | 0.077378 | 0.403991 |   0.0    | 0.318763 | 0.18454  |
| 0.073509 | 0.017919 | 0.155185 | 0.056957 | 0.073509 | 0.077378 | 0.06683  | 0.318763 |   0.0    | 0.113272 |
| 0.077378 | 0.077378 | 0.077378 | 0.10021  | 0.077378 | 0.066342 | 0.078618 | 0.18454  | 0.113272 |   0.0    |
+----------+----------+----------+----------+----------+----------+----------+----------+----------+----------+

FEROMONA MUTADA
+----------+----------+----------+----------+----------+----------+----------+----------+----------+----------+
|   0.0    | 0.077378 | 0.077378 | 0.045525 | 0.108362 | 0.069834 | 0.03183  | 0.13097  | 0.073509 | 0.058983 |
| 0.077378 |   0.0    | 0.073509 | 0.030282 | 0.120182 | 0.06033  | 0.073509 | 0.113272 | 0.078455 | 0.082846 |
| 0.077378 | 0.073509 |   0.0    | 0.066342 | 0.183945 | 0.08026  | 0.069332 | 0.073509 | 0.155185 | 0.077378 |
| 0.045525 | 0.030282 | 0.066342 |   0.0    | 0.001909 | 0.085918 | 0.044831 | 0.128125 | 0.056957 | 0.10021  |
| 0.108362 | 0.120182 | 0.183945 | 0.001909 |   0.0    | 0.009089 | 0.041463 | 0.022097 | 0.073509 | 0.176924 |
| 0.069834 | 0.06033  | 0.08026  | 0.085918 | 0.009089 |   0.0    | 0.008183 | 0.077378 | 0.077378 | 0.066342 |
| 0.03183  | 0.073509 | 0.069332 | 0.044831 | 0.041463 | 0.008183 |   0.0    | 0.485561 | 0.06683  | 0.078618 |
| 0.13097  | 0.113272 | 0.073509 | 0.128125 | 0.022097 | 0.077378 | 0.485561 |   0.0    | 0.318763 | 0.18454  |
| 0.073509 | 0.078455 | 0.155185 | 0.056957 | 0.073509 | 0.077378 | 0.06683  | 0.318763 |   0.0    | 0.113272 |
| 0.058983 | 0.082846 | 0.077378 | 0.10021  | 0.176924 | 0.066342 | 0.078618 | 0.18454  | 0.113272 |   0.0    |
+----------+----------+----------+----------+----------+----------+----------+----------+----------+----------+
Se ha mutado 10 feromonas

GENERACIÓN  6 :

Población Generada
+------------+---------+
|  Caminos   | Fitness |
+------------+---------+
| AECIJHGDFB |   277   |
| AEBHGDICFJ |   261   |
| AFDHJICEBG |   219   |
| ACIHGJDFBE |   271   |
| AEBJICGHDF |   140   |
| AEJHBCGDFI |   259   |
| AEBHGICFDJ |   200   |
| ACEBHIJGDF |   308   |
| AEBFIHGCJD |   256   |
+------------+---------+
El mejor global se mantiene: AEBHDJICGF (124)
El peor local es: ACEBHIJGDF (308)

Arcos del mejor global
+----+----+----+----+----+----+----+----+----+
| AE | EB | BH | HD | DJ | JI | IC | CG | GF |
+----+----+----+----+----+----+----+----+----+

Arcos del peor local
+----+----+----+----+----+----+----+----+----+
| AC | CE | EB | BH | HI | IJ | JG | GD | DF |
+----+----+----+----+----+----+----+----+----+

Arcos del peor local sin los arcos del mejor global
+----+----+----+----+----+----+----+
| AC | CE | HI | IJ | JG | GD | DF |
+----+----+----+----+----+----+----+

FEROMONA
+----------+----------+----------+----------+----------+----------+----------+----------+----------+----------+
|   0.0    | 0.073509 | 0.069834 | 0.043249 | 0.111009 | 0.066342 | 0.030239 | 0.124422 | 0.069834 | 0.056033 |
| 0.073509 |   0.0    | 0.069834 | 0.028768 | 0.122237 | 0.057313 | 0.069834 | 0.115673 | 0.074532 | 0.078703 |
| 0.069834 | 0.069834 |   0.0    | 0.063025 | 0.166011 | 0.076247 | 0.07393  | 0.069834 | 0.155491 | 0.073509 |
| 0.043249 | 0.028768 | 0.063025 |   0.0    | 0.001813 | 0.077541 | 0.04046  | 0.129783 | 0.054109 | 0.103264 |
| 0.111009 | 0.122237 | 0.166011 | 0.001813 |   0.0    | 0.008635 | 0.03939  | 0.020992 | 0.069834 | 0.168078 |
| 0.066342 | 0.057313 | 0.076247 | 0.077541 | 0.008635 |   0.0    | 0.015839 | 0.073509 | 0.073509 | 0.063025 |
| 0.030239 | 0.069834 | 0.07393  | 0.04046  | 0.03939  | 0.015839 |   0.0    | 0.461283 | 0.063488 | 0.070952 |
| 0.124422 | 0.115673 | 0.069834 | 0.129783 | 0.020992 | 0.073509 | 0.461283 |   0.0    | 0.287683 | 0.175313 |
| 0.069834 | 0.074532 | 0.155491 | 0.054109 | 0.069834 | 0.073509 | 0.063488 | 0.287683 |   0.0    | 0.109889 |
| 0.056033 | 0.078703 | 0.073509 | 0.103264 | 0.168078 | 0.063025 | 0.070952 | 0.175313 | 0.109889 |   0.0    |
+----------+----------+----------+----------+----------+----------+----------+----------+----------+----------+

FEROMONA MUTADA
+----------+----------+----------+----------+----------+----------+----------+----------+----------+----------+
|   0.0    | 0.073509 | 0.069834 | 0.043249 | 0.111009 | 0.033475 | 0.030239 | 0.124422 | 0.069834 | 0.056033 |
| 0.073509 |   0.0    | 0.069834 | 0.028768 | 0.122237 | 0.057313 | 0.069834 | 0.115673 | 0.074532 | 0.078703 |
| 0.069834 | 0.069834 |   0.0    | 0.063025 | 0.166011 | 0.234367 | 0.18155  | 0.069834 | 0.155491 | 0.020312 |
| 0.043249 | 0.028768 | 0.063025 |   0.0    | 0.001813 | 0.077541 | 0.04046  | 0.142396 | 0.054109 | 0.103264 |
| 0.111009 | 0.122237 | 0.166011 | 0.001813 |   0.0    | 0.008635 | 0.03939  | 0.020992 | 0.069834 | 0.168078 |
| 0.033475 | 0.057313 | 0.234367 | 0.077541 | 0.008635 |   0.0    | 0.015839 | 0.256531 | 0.073509 | 0.053259 |
| 0.030239 | 0.069834 | 0.18155  | 0.04046  | 0.03939  | 0.015839 |   0.0    | 0.461283 | 0.063488 | 0.070952 |
| 0.124422 | 0.115673 | 0.069834 | 0.142396 | 0.020992 | 0.256531 | 0.461283 |   0.0    | 0.287683 | 0.175313 |
| 0.069834 | 0.074532 | 0.155491 | 0.054109 | 0.069834 | 0.073509 | 0.063488 | 0.287683 |   0.0    | 0.109889 |
| 0.056033 | 0.078703 | 0.020312 | 0.103264 | 0.168078 | 0.053259 | 0.070952 | 0.175313 | 0.109889 |   0.0    |
+----------+----------+----------+----------+----------+----------+----------+----------+----------+----------+
Se ha mutado 7 feromonas

GENERACIÓN  7 :

Población Generada
+------------+---------+
|  Caminos   | Fitness |
+------------+---------+
| AEBHGCFIJD |   158   |
| AEJICFDHBG |   191   |
| AEBJICGHDF |   140   |
| AEIJBHGCFD |   146   |
| AEBHDJICGF |   124   |
| ACIJFHGBED |   329   |
| AECFHGJIDB |   290   |
| ABECFDHGJI |   223   |
| AFCGHIJDBE |   184   |
+------------+---------+
El mejor global se mantiene: AEBHDJICGF (124)
El peor local es: ACIJFHGBED (329)

Arcos del mejor global
+----+----+----+----+----+----+----+----+----+
| AE | EB | BH | HD | DJ | JI | IC | CG | GF |
+----+----+----+----+----+----+----+----+----+

Arcos del peor local
+----+----+----+----+----+----+----+----+----+
| AC | CI | IJ | JF | FH | HG | GB | BE | ED |
+----+----+----+----+----+----+----+----+----+

Arcos del peor local sin los arcos del mejor global
+----+----+----+----+----+----+----+----+----+
| AC | CI | IJ | JF | FH | HG | GB | BE | ED |
+----+----+----+----+----+----+----+----+----+

FEROMONA
+----------+----------+----------+----------+----------+----------+----------+----------+----------+----------+
|   0.0    | 0.069834 | 0.063025 | 0.041087 | 0.113523 | 0.031801 | 0.028727 | 0.118201 | 0.066342 | 0.053232 |
| 0.069834 |   0.0    | 0.066342 | 0.02733  | 0.11798  | 0.054447 | 0.063025 | 0.117954 | 0.070806 | 0.074768 |
| 0.063025 | 0.066342 |   0.0    | 0.059874 | 0.15771  | 0.222649 | 0.180537 | 0.066342 | 0.147992 | 0.019296 |
| 0.041087 | 0.02733  | 0.059874 |   0.0    | 0.001636 | 0.073664 | 0.038437 | 0.14334  | 0.051404 | 0.106166 |
| 0.113523 | 0.11798  | 0.15771  | 0.001636 |   0.0    | 0.008203 | 0.03742  | 0.019942 | 0.066342 | 0.159674 |
| 0.031801 | 0.054447 | 0.222649 | 0.073664 | 0.008203 |   0.0    | 0.023111 | 0.231519 | 0.069834 | 0.048066 |
| 0.028727 | 0.063025 | 0.180537 | 0.038437 | 0.03742  | 0.023111 |   0.0    | 0.416308 | 0.060314 | 0.067405 |
| 0.118201 | 0.117954 | 0.066342 | 0.14334  | 0.019942 | 0.231519 | 0.416308 |   0.0    | 0.273299 | 0.166547 |
| 0.066342 | 0.070806 | 0.147992 | 0.051404 | 0.066342 | 0.069834 | 0.060314 | 0.273299 |   0.0    | 0.106836 |
| 0.053232 | 0.074768 | 0.019296 | 0.106166 | 0.159674 | 0.048066 | 0.067405 | 0.166547 | 0.106836 |   0.0    |
+----------+----------+----------+----------+----------+----------+----------+----------+----------+----------+

FEROMONA MUTADA
+----------+----------+----------+----------+----------+----------+----------+----------+----------+----------+
|   0.0    | 0.067461 | 0.063025 | 0.041087 | 0.113523 | 0.031801 | 0.028727 | 0.118201 | 0.066342 | 0.004344 |
| 0.067461 |   0.0    | 0.066342 | 0.02733  | 0.11798  | 0.054447 | 0.063025 | 0.117954 | 0.054246 | 0.074768 |
| 0.063025 | 0.066342 |   0.0    | 0.059874 | 0.15771  | 0.222649 | 0.180537 | 0.066342 | 0.051821 | 0.019296 |
| 0.041087 | 0.02733  | 0.059874 |   0.0    | 0.068774 | 0.113324 | 0.038437 | 0.103693 | 0.051404 | 0.024602 |
| 0.113523 | 0.11798  | 0.15771  | 0.068774 |   0.0    | 0.008203 | 0.03742  | 0.019942 | 0.066342 | 0.159674 |
| 0.031801 | 0.054447 | 0.222649 | 0.113324 | 0.008203 |   0.0    | 0.023111 |  0.145   | 0.069834 | 0.048066 |
| 0.028727 | 0.063025 | 0.180537 | 0.038437 | 0.03742  | 0.023111 |   0.0    | 0.416308 | 0.060314 | 0.067405 |
| 0.118201 | 0.117954 | 0.066342 | 0.103693 | 0.019942 |  0.145   | 0.416308 |   0.0    | 0.278143 | 0.166547 |
| 0.066342 | 0.054246 | 0.051821 | 0.051404 | 0.066342 | 0.069834 | 0.060314 | 0.278143 |   0.0    | 0.106836 |
| 0.004344 | 0.074768 | 0.019296 | 0.024602 | 0.159674 | 0.048066 | 0.067405 | 0.166547 | 0.106836 |   0.0    |
+----------+----------+----------+----------+----------+----------+----------+----------+----------+----------+
Se ha mutado 10 feromonas

GENERACIÓN  8 :

Población Generada
+------------+---------+
|  Caminos   | Fitness |
+------------+---------+
| AEJHGCFDBI |   207   |
| AIHGEBCFDJ |   229   |
| AEJIHGCBFD |   225   |
| AEJIHGCFDB |   214   |
| AHGCDFEBIJ |   322   |
| AEIJFCGHBD |   172   |
| AEBGHDFCIJ |   167   |
| AEBHGCFIJD |   158   |
| AEBHJICFDG |   198   |
+------------+---------+
El mejor global se mantiene: AEBHDJICGF (124)
El peor local es: AHGCDFEBIJ (322)

Arcos del mejor global
+----+----+----+----+----+----+----+----+----+
| AE | EB | BH | HD | DJ | JI | IC | CG | GF |
+----+----+----+----+----+----+----+----+----+

Arcos del peor local
+----+----+----+----+----+----+----+----+----+
| AH | HG | GC | CD | DF | FE | EB | BI | IJ |
+----+----+----+----+----+----+----+----+----+

Arcos del peor local sin los arcos del mejor global
+----+----+----+----+----+----+----+----+
| AH | HG | GC | CD | DF | FE | BI | IJ |
+----+----+----+----+----+----+----+----+

FEROMONA
+----------+----------+----------+----------+----------+----------+----------+----------+----------+----------+
|   0.0    | 0.064088 | 0.059874 | 0.039032 | 0.115911 | 0.030211 | 0.02729  | 0.106676 | 0.063025 | 0.004127 |
| 0.064088 |   0.0    | 0.063025 | 0.025963 | 0.120146 | 0.051725 | 0.059874 | 0.12012  | 0.048957 | 0.07103  |
| 0.059874 | 0.063025 |   0.0    | 0.054036 | 0.149825 | 0.211517 | 0.170596 | 0.063025 | 0.057295 | 0.018331 |
| 0.039032 | 0.025963 | 0.054036 |   0.0    | 0.065335 | 0.102275 | 0.036515 | 0.106573 | 0.048834 | 0.031436 |
| 0.115911 | 0.120146 | 0.149825 | 0.065335 |   0.0    | 0.007403 | 0.035549 | 0.018945 | 0.063025 | 0.15169  |
| 0.030211 | 0.051725 | 0.211517 | 0.102275 | 0.007403 |   0.0    | 0.03002  | 0.13775  | 0.066342 | 0.045663 |
| 0.02729  | 0.059874 | 0.170596 | 0.036515 | 0.035549 | 0.03002  |   0.0    | 0.375718 | 0.057298 | 0.064035 |
| 0.106676 | 0.12012  | 0.063025 | 0.106573 | 0.018945 | 0.13775  | 0.375718 |   0.0    | 0.264236 | 0.15822  |
| 0.063025 | 0.048957 | 0.057295 | 0.048834 | 0.063025 | 0.066342 | 0.057298 | 0.264236 |   0.0    | 0.104081 |
| 0.004127 | 0.07103  | 0.018331 | 0.031436 | 0.15169  | 0.045663 | 0.064035 | 0.15822  | 0.104081 |   0.0    |
+----------+----------+----------+----------+----------+----------+----------+----------+----------+----------+

FEROMONA MUTADA
+----------+----------+----------+----------+----------+----------+----------+----------+----------+----------+
|   0.0    | 0.149367 | 0.059874 | 0.039032 | 0.115911 | 0.030211 | 0.02729  | 0.106676 | 0.063025 | 0.004127 |
| 0.149367 |   0.0    | 0.030951 | 0.025963 | 0.066636 | 0.051725 | 0.059874 | 0.12012  | 0.048957 | 0.07103  |
| 0.059874 | 0.030951 |   0.0    | 0.054036 | 0.149825 | 0.211517 | 0.170596 | 0.109799 | 0.057295 | 0.018331 |
| 0.039032 | 0.025963 | 0.054036 |   0.0    | 0.065335 | 0.102275 | 0.036515 | 0.106573 | 0.048834 | 0.031436 |
| 0.115911 | 0.066636 | 0.149825 | 0.065335 |   0.0    | 0.12263  | 0.07796  | 0.018945 | 0.224935 | 0.15169  |
| 0.030211 | 0.051725 | 0.211517 | 0.102275 | 0.12263  |   0.0    | 0.03002  | 0.13775  | 0.066342 | 0.045663 |
| 0.02729  | 0.059874 | 0.170596 | 0.036515 | 0.07796  | 0.03002  |   0.0    | 0.375718 | 0.057298 | 0.064035 |
| 0.106676 | 0.12012  | 0.109799 | 0.106573 | 0.018945 | 0.13775  | 0.375718 |   0.0    | 0.18173  | 0.15822  |
| 0.063025 | 0.048957 | 0.057295 | 0.048834 | 0.224935 | 0.066342 | 0.057298 | 0.18173  |   0.0    | 0.104081 |
| 0.004127 | 0.07103  | 0.018331 | 0.031436 | 0.15169  | 0.045663 | 0.064035 | 0.15822  | 0.104081 |   0.0    |
+----------+----------+----------+----------+----------+----------+----------+----------+----------+----------+
Se ha mutado 8 feromonas

GENERACIÓN  9 :

Población Generada
+------------+---------+
|  Caminos   | Fitness |
+------------+---------+
| AECFGHBJID |   201   |
| AEGCIFDHJB |   217   |
| AEIJHGCFDB |   156   |
| ACGHFEIJBD |   225   |
| AEIDHGCFBJ |   194   |
| AEIJHGCFDB |   156   |
| AEIJHBFCGD |   202   |
| AEIJHGCFDB |   156   |
| AECFHGDJIB |   332   |
+------------+---------+
El mejor global se mantiene: AEBHDJICGF (124)
El peor local es: AECFHGDJIB (332)

Arcos del mejor global
+----+----+----+----+----+----+----+----+----+
| AE | EB | BH | HD | DJ | JI | IC | CG | GF |
+----+----+----+----+----+----+----+----+----+

Arcos del peor local
+----+----+----+----+----+----+----+----+----+
| AE | EC | CF | FH | HG | GD | DJ | JI | IB |
+----+----+----+----+----+----+----+----+----+

Arcos del peor local sin los arcos del mejor global
+----+----+----+----+----+----+
| EC | CF | FH | HG | GD | IB |
+----+----+----+----+----+----+

FEROMONA
+----------+----------+----------+----------+----------+----------+----------+----------+----------+----------+
|   0.0    | 0.141899 | 0.05688  | 0.037081 | 0.11818  |  0.0287  | 0.025926 | 0.101342 | 0.059874 | 0.003921 |
| 0.141899 |   0.0    | 0.029403 | 0.024665 | 0.071368 | 0.049139 | 0.05688  | 0.122179 | 0.044184 | 0.067478 |
| 0.05688  | 0.029403 |   0.0    | 0.051334 | 0.135217 | 0.190894 | 0.17013  | 0.104309 | 0.062495 | 0.017415 |
| 0.037081 | 0.024665 | 0.051334 |   0.0    | 0.062069 | 0.097161 | 0.032955 | 0.109309 | 0.046392 | 0.037929 |
| 0.11818  | 0.071368 | 0.135217 | 0.062069 |   0.0    | 0.116499 | 0.074062 | 0.017998 | 0.213688 | 0.144106 |
|  0.0287  | 0.049139 | 0.190894 | 0.097161 | 0.116499 |   0.0    | 0.036584 | 0.12432  | 0.063025 | 0.043379 |
| 0.025926 | 0.05688  | 0.17013  | 0.032955 | 0.074062 | 0.036584 |   0.0    | 0.339085 | 0.054433 | 0.060833 |
| 0.101342 | 0.122179 | 0.104309 | 0.109309 | 0.017998 | 0.12432  | 0.339085 |   0.0    | 0.172643 | 0.150309 |
| 0.059874 | 0.044184 | 0.062495 | 0.046392 | 0.213688 | 0.063025 | 0.054433 | 0.172643 |   0.0    | 0.106941 |
| 0.003921 | 0.067478 | 0.017415 | 0.037929 | 0.144106 | 0.043379 | 0.060833 | 0.150309 | 0.106941 |   0.0    |
+----------+----------+----------+----------+----------+----------+----------+----------+----------+----------+

FEROMONA MUTADA
+----------+----------+----------+----------+----------+----------+----------+----------+----------+----------+
|   0.0    | 0.141899 | 0.047054 | 0.037081 | 0.11818  | 0.144838 | 0.025926 | 0.101342 | 0.059874 | 0.003921 |
| 0.141899 |   0.0    | 0.029403 | 0.024665 | 0.071368 | 0.049139 | 0.05688  | 0.122179 | 0.044184 | 0.067478 |
| 0.047054 | 0.029403 |   0.0    | 0.051334 | 0.135217 | 0.190894 | 0.17013  | 0.104309 | 0.062495 | 0.020661 |
| 0.037081 | 0.024665 | 0.051334 |   0.0    | 0.062069 | 0.097161 | 0.032955 | 0.109309 | 0.10992  | 0.037929 |
| 0.11818  | 0.071368 | 0.135217 | 0.062069 |   0.0    | 0.179747 | 0.074062 | 0.017998 | 0.213688 | 0.144106 |
| 0.144838 | 0.049139 | 0.190894 | 0.097161 | 0.179747 |   0.0    | 0.036584 | 0.12432  | 0.050048 | 0.043379 |
| 0.025926 | 0.05688  | 0.17013  | 0.032955 | 0.074062 | 0.036584 |   0.0    | 0.500017 | 0.123668 | 0.060833 |
| 0.101342 | 0.122179 | 0.104309 | 0.109309 | 0.017998 | 0.12432  | 0.500017 |   0.0    | 0.181671 | 0.150309 |
| 0.059874 | 0.044184 | 0.062495 | 0.10992  | 0.213688 | 0.050048 | 0.123668 | 0.181671 |   0.0    | 0.106941 |
| 0.003921 | 0.067478 | 0.020661 | 0.037929 | 0.144106 | 0.043379 | 0.060833 | 0.150309 | 0.106941 |   0.0    |
+----------+----------+----------+----------+----------+----------+----------+----------+----------+----------+
Se ha mutado 9 feromonas

GENERACIÓN  10 :

Población Generada
+------------+---------+
|  Caminos   | Fitness |
+------------+---------+
| AEBHGIJDFC |   195   |
| AFHJIGCEBD |   260   |
| AIEJHBFCGD |   237   |
| AEBHGCFDIJ |   158   |
| AEIDHJFCGB |   265   |
| AEBHGJICFD |   158   |
| AEICGHDFBJ |   183   |
| AEIFCGHBDJ |   178   |
| AEBHGCFDIJ |   158   |
+------------+---------+
El mejor global se mantiene: AEBHDJICGF (124)
El peor local es: AEIJGHFCDB (287)

Arcos del mejor global
+----+----+----+----+----+----+----+----+----+
| AE | EB | BH | HD | DJ | JI | IC | CG | GF |
+----+----+----+----+----+----+----+----+----+

Arcos del peor local
+----+----+----+----+----+----+----+----+----+
| AE | EI | IJ | JG | GH | HF | FC | CD | DB |
+----+----+----+----+----+----+----+----+----+

Arcos del peor local sin los arcos del mejor global
+----+----+----+----+----+----+----+----+
| EI | IJ | JG | GH | HF | FC | CD | DB |
+----+----+----+----+----+----+----+----+

FEROMONA
+----------+----------+----------+----------+----------+----------+----------+----------+----------+----------+
|   0.0    | 0.134804 | 0.044702 | 0.035227 | 0.120336 | 0.137596 | 0.02463  | 0.096275 | 0.05688  | 0.003725 |
| 0.134804 |   0.0    | 0.027933 | 0.02226  | 0.075864 | 0.046682 | 0.054036 | 0.124134 | 0.041975 | 0.064104 |
| 0.044702 | 0.027933 |   0.0    | 0.046329 | 0.128456 | 0.172282 | 0.169688 | 0.099093 | 0.067434 | 0.019628 |
| 0.035227 | 0.02226  | 0.046329 |   0.0    | 0.058965 | 0.092303 | 0.031307 | 0.111908 | 0.104424 | 0.044097 |
| 0.120336 | 0.075864 | 0.128456 | 0.058965 |   0.0    | 0.170759 | 0.070358 | 0.017098 | 0.192854 | 0.136901 |
| 0.137596 | 0.046682 | 0.172282 | 0.092303 | 0.170759 |   0.0    | 0.042819 | 0.112198 | 0.047546 | 0.04121  |
| 0.02463  | 0.054036 | 0.169688 | 0.031307 | 0.070358 | 0.042819 |   0.0    | 0.451266 | 0.117484 | 0.054902 |
| 0.096275 | 0.124134 | 0.099093 | 0.111908 | 0.017098 | 0.112198 | 0.451266 |   0.0    | 0.172587 | 0.142794 |
| 0.05688  | 0.041975 | 0.067434 | 0.104424 | 0.192854 | 0.047546 | 0.117484 | 0.172587 |   0.0    | 0.104176 |
| 0.003725 | 0.064104 | 0.019628 | 0.044097 | 0.136901 | 0.04121  | 0.054902 | 0.142794 | 0.104176 |   0.0    |
+----------+----------+----------+----------+----------+----------+----------+----------+----------+----------+

FEROMONA MUTADA
+----------+----------+----------+----------+----------+----------+----------+----------+----------+----------+
|   0.0    | 0.134804 | 0.044702 | 0.035227 | 0.120336 | 0.137596 | 0.176655 | 0.096275 | 0.05688  | 0.003725 |
| 0.134804 |   0.0    | 0.027933 | 0.081804 | 0.075864 | 0.046682 | 0.054036 | 0.124134 | 0.041975 | 0.064104 |
| 0.044702 | 0.027933 |   0.0    | 0.046329 | 0.000379 | 0.172282 | 0.169688 | 0.099093 | 0.067434 | 0.019628 |
| 0.035227 | 0.081804 | 0.046329 |   0.0    | 0.058965 | 0.029036 | 0.089753 | 0.111908 | 0.104424 | 0.044097 |
| 0.120336 | 0.075864 | 0.000379 | 0.058965 |   0.0    | 0.170759 | 0.128632 | 0.017098 | 0.192854 | 0.114969 |
| 0.137596 | 0.046682 | 0.172282 | 0.029036 | 0.170759 |   0.0    | 0.042819 | 0.187917 | 0.047546 | 0.04121  |
| 0.176655 | 0.054036 | 0.169688 | 0.089753 | 0.128632 | 0.042819 |   0.0    | 0.374722 | 0.117484 | 0.054902 |
| 0.096275 | 0.124134 | 0.099093 | 0.111908 | 0.017098 | 0.187917 | 0.374722 |   0.0    | 0.172587 | 0.142794 |
| 0.05688  | 0.041975 | 0.067434 | 0.104424 | 0.192854 | 0.047546 | 0.117484 | 0.172587 |   0.0    | 0.104176 |
| 0.003725 | 0.064104 | 0.019628 | 0.044097 | 0.114969 | 0.04121  | 0.054902 | 0.142794 | 0.104176 |   0.0    |
+----------+----------+----------+----------+----------+----------+----------+----------+----------+----------+
Se ha mutado 9 feromonas

GENERACIÓN  11 :

Población Generada
+------------+---------+
|  Caminos   | Fitness |
+------------+---------+
| AEIHBDGCFJ |   290   |
| AEBHGCFIJD |   158   |
| AEICJHGBDF |   202   |
| AEBHGFCIJD |   127   |
| AGCFEBJHDI |   232   |
| ABHFCGEIJD |   213   |
| AEBHGCFIDJ |   199   |
| AFCIEBHGDJ |   190   |
| AEIJHBDGCF |   179   |
+------------+---------+
