Los caminos:
 [[ 0 12  3 23  1  5 23 56 12 11]
 [12  0  9 18  3 41 45  5 41 27]
 [ 3  9  0 89 56 21 12 48 14 29]
 [23 18 89  0 87 46 75 17 50 42]
 [ 1  3 56 87  0 55 22 86 14 33]
 [ 5 41 21 46 55  0 21 76 54 81]
 [23 45 12 75 22 21  0 11 57 48]
 [56  5 48 17 86 76 11  0 63 24]
 [12 41 14 50 14 54 57 63  0  9]
 [11 27 29 42 33 81 48 24  9  0]]

COMIENZO PROCESO:  21-05-2019 23:16:46

Feromona Inicial:
 [[0.  0.1 0.1 0.1 0.1 0.1 0.1 0.1 0.1 0.1]
 [0.1 0.  0.1 0.1 0.1 0.1 0.1 0.1 0.1 0.1]
 [0.1 0.1 0.  0.1 0.1 0.1 0.1 0.1 0.1 0.1]
 [0.1 0.1 0.1 0.  0.1 0.1 0.1 0.1 0.1 0.1]
 [0.1 0.1 0.1 0.1 0.  0.1 0.1 0.1 0.1 0.1]
 [0.1 0.1 0.1 0.1 0.1 0.  0.1 0.1 0.1 0.1]
 [0.1 0.1 0.1 0.1 0.1 0.1 0.  0.1 0.1 0.1]
 [0.1 0.1 0.1 0.1 0.1 0.1 0.1 0.  0.1 0.1]
 [0.1 0.1 0.1 0.1 0.1 0.1 0.1 0.1 0.  0.1]
 [0.1 0.1 0.1 0.1 0.1 0.1 0.1 0.1 0.1 0. ]]

Visibilidad:
 [[0, 0.08333333333333333, 0.3333333333333333, 0.043478260869565216, 1.0, 0.2, 0.043478260869565216, 0.017857142857142856, 0.08333333333333333, 0.09090909090909091], [0.08333333333333333, 0, 0.1111111111111111, 0.05555555555555555, 0.3333333333333333, 0.024390243902439025, 0.022222222222222223, 0.2, 0.024390243902439025, 0.037037037037037035], [0.3333333333333333, 0.1111111111111111, 0, 0.011235955056179775, 0.017857142857142856, 0.047619047619047616, 0.08333333333333333, 0.020833333333333332, 0.07142857142857142, 0.034482758620689655], [0.043478260869565216, 0.05555555555555555, 0.011235955056179775, 0, 0.011494252873563218, 0.021739130434782608, 0.013333333333333334, 0.058823529411764705, 0.02, 0.023809523809523808], [1.0, 0.3333333333333333, 0.017857142857142856, 0.011494252873563218, 0, 0.01818181818181818, 0.045454545454545456, 0.011627906976744186, 0.07142857142857142, 0.030303030303030304], [0.2, 0.024390243902439025, 0.047619047619047616, 0.021739130434782608, 0.01818181818181818, 0, 0.047619047619047616, 0.013157894736842105, 0.018518518518518517, 0.012345679012345678], [0.043478260869565216, 0.022222222222222223, 0.08333333333333333, 0.013333333333333334, 0.045454545454545456, 0.047619047619047616, 0, 0.09090909090909091, 0.017543859649122806, 0.020833333333333332], [0.017857142857142856, 0.2, 0.020833333333333332, 0.058823529411764705, 0.011627906976744186, 0.013157894736842105, 0.09090909090909091, 0, 0.015873015873015872, 0.041666666666666664], [0.08333333333333333, 0.024390243902439025, 0.07142857142857142, 0.02, 0.07142857142857142, 0.018518518518518517, 0.017543859649122806, 0.015873015873015872, 0, 0.1111111111111111], [0.09090909090909091, 0.037037037037037035, 0.034482758620689655, 0.023809523809523808, 0.030303030303030304, 0.012345679012345678, 0.020833333333333332, 0.041666666666666664, 0.1111111111111111, 0]]

GENERACIÓN  1 :

Población:
 ['ACGIJBDFEH' 'ACFBEIJHDG' 'ACEBHJIGDF' 'AJBECGHFID' 'AEBCGFIHJD'
 'AGEBHICDJF' 'AGBEICJFDH' 'ACHBDIEJFG' 'AFCGHEBIJD' 'AEJCGBDIFH']
Fitness:
 [313 207 278 300 229 342 272 273 230 318]
Feromona:
 [[0.         0.099      0.11428593 0.099      0.10651147 0.10334783
  0.10560045 0.099      0.099      0.10233333]
 [0.099      0.         0.10336681 0.10900255 0.12607646 0.10383092
  0.10582112 0.1091841  0.10334783 0.10552822]
 [0.11428593 0.10336681 0.         0.10192398 0.10593046 0.10817874
  0.11738751 0.102663   0.10560045 0.10582112]
 [0.099      0.10900255 0.10192398 0.         0.099      0.10946848
  0.10742804 0.10750739 0.10914099 0.11063861]
 [0.10651147 0.12607646 0.10593046 0.099      0.         0.10219489
  0.10192398 0.10654271 0.11117039 0.10580766]
 [0.10334783 0.10383092 0.10817874 0.10946848 0.10219489 0.
  0.10702982 0.10547799 0.1098448  0.10926345]
 [0.10560045 0.10582112 0.11738751 0.10742804 0.10192398 0.10702982
  0.         0.10668116 0.10579201 0.099     ]
 [0.099      0.1091841  0.102663   0.10750739 0.10654271 0.10547799
  0.10668116 0.         0.10629079 0.11179485]
 [0.099      0.10334783 0.10560045 0.10914099 0.11117039 0.1098448
  0.10579201 0.10629079 0.         0.11497075]
 [0.10233333 0.10552822 0.10582112 0.11063861 0.10580766 0.10926345
  0.099      0.11179485 0.11497075 0.        ]]

GENERACIÓN  2 :

Población:
 ['AEIDBCGJHF' 'ACIJBEHGFD' 'AEBIHGCFDJ' 'AEBHJIGFCD' 'AFIEBHCJGD'
 'AEGCBHDJIF' 'AECGIBJDFH' 'AFEBDCGHJI' 'AEFJIHBDGC' 'ACDBHEIJFG']
Fitness:
 [252 220 240 230 281 171 358 226 319 326]
Feromona:
 [[0.         0.09801    0.12075601 0.09801    0.12970514 0.11029785
  0.10454444 0.09801    0.09801    0.10131   ]
 [0.09801    0.         0.11214935 0.12250783 0.14585914 0.10279261
  0.10476291 0.12804904 0.10927431 0.11181169]
 [0.12075601 0.11214935 0.         0.11274483 0.10766445 0.11561145
  0.14054938 0.10519509 0.1090899  0.10832163]
 [0.09801    0.12250783 0.11274483 0.         0.09801    0.11987921
  0.11304727 0.11228027 0.11201784 0.12234014]
 [0.12970514 0.14585914 0.10766445 0.09801    0.         0.10873251
  0.10675269 0.11309023 0.12065315 0.10474958]
 [0.11029785 0.10279261 0.11561145 0.11987921 0.10873251 0.
  0.11792028 0.11118476 0.11815302 0.1143731 ]
 [0.10454444 0.10476291 0.14054938 0.11304727 0.10675269 0.11792028
  0.         0.11875125 0.11187521 0.10553697]
 [0.09801    0.12804904 0.10519509 0.11228027 0.11309023 0.11118476
  0.11875125 0.         0.11252934 0.12341776]
 [0.09801    0.10927431 0.1090899  0.11201784 0.12065315 0.11815302
  0.11187521 0.11252934 0.         0.13918934]
 [0.10131    0.11181169 0.10832163 0.12234014 0.10474958 0.1143731
  0.10553697 0.12341776 0.13918934 0.        ]]

GENERACIÓN  3 :

Población:
 ['AEGHBDCIJF' 'AEBGHJIDFC' 'AFGHEBCJID' 'ADHGCIEJBF' 'ACGFHBEJDI'
 'AEJICGHBDF' 'AEBCIJDHGF' 'AEBDICGFHJ' 'AEBHJDFGIC' 'AEIJDBFGHC']
Fitness:
 [250 210 223 192 245 149 127 219 213 205]
Feromona:
 [[0.         0.0970299  0.12363008 0.10223823 0.16589452 0.11367917
  0.103499   0.0970299  0.0970299  0.1002969 ]
 [0.0970299  0.         0.12338618 0.14143842 0.17486345 0.11185106
  0.10847719 0.14625643 0.10818157 0.11590191]
 [0.12363008 0.12338618 0.         0.11561738 0.1065878  0.11921724
  0.15971148 0.10902119 0.1410538  0.11172272]
 [0.10223823 0.14143842 0.11561738 0.         0.0970299  0.13484857
  0.1119168  0.12423981 0.12879171 0.14264528]
 [0.16589452 0.17486345 0.1065878  0.0970299  0.         0.10764519
  0.10968516 0.11644363 0.129533   0.11970346]
 [0.11367917 0.11185106 0.11921724 0.13484857 0.10764519 0.
  0.14732013 0.11872075 0.11697149 0.11722937]
 [0.103499   0.10847719 0.15971148 0.1119168  0.10968516 0.14732013
  0.         0.15548175 0.1154513  0.1044816 ]
 [0.0970299  0.14625643 0.10902119 0.12423981 0.11644363 0.11872075
  0.15548175 0.         0.11140405 0.13620654]
 [0.0970299  0.10818157 0.1410538  0.12879171 0.129533   0.11697149
  0.1154513  0.11140405 0.         0.17050713]
 [0.1002969  0.11590191 0.11172272 0.14264528 0.11970346 0.11722937
  0.1044816  0.13620654 0.17050713 0.        ]]

GENERACIÓN  4 :

Población:
 ['ACGIJEBHDF' 'ABEICGHJDF' 'AEHIJDBFCG' 'AEBJIDHGCF' 'AJICBEGHDF'
 'AFGHBECJID' 'AFEIJBHDCG' 'AEBDHCGFIJ' 'AEBHGCDIJF' 'ACGHBEIJDF']
Fitness:
 [185 178 293 151 142 189 233 183 261 145]
Feromona:
 [[0.         0.10167758 0.13469574 0.10121585 0.18356696 0.12212523
  0.10246401 0.0960596  0.0960596  0.10633618]
 [0.10167758 0.         0.12919457 0.14890149 0.21928643 0.11414552
  0.10739242 0.17051009 0.10709975 0.12565725]
 [0.13469574 0.12919457 0.         0.12258447 0.11081293 0.12806055
  0.19965753 0.11339546 0.1523035  0.1158965 ]
 [0.10121585 0.14890149 0.12258447 0.         0.0960596  0.15846227
  0.11079763 0.15182392 0.14324873 0.15714632]
 [0.18356696 0.21928643 0.11081293 0.0960596  0.         0.11086058
  0.11563057 0.11869216 0.14504404 0.12391183]
 [0.12212523 0.11414552 0.12806055 0.15846227 0.11086058 0.
  0.15660241 0.11753355 0.12126626 0.11988849]
 [0.10246401 0.10739242 0.19965753 0.11079763 0.11563057 0.15660241
  0.         0.18922866 0.11970219 0.10343679]
 [0.0960596  0.17051009 0.11339546 0.15182392 0.11869216 0.11753355
  0.18922866 0.         0.11370298 0.14046245]
 [0.0960596  0.10709975 0.1523035  0.14324873 0.14504404 0.12126626
  0.11970219 0.11370298 0.         0.21706051]
 [0.10633618 0.12565725 0.1158965  0.15714632 0.12391183 0.11988849
  0.10343679 0.14046245 0.21706051 0.        ]]

GENERACIÓN  5 :

Población:
 ['ABEGCFDIJH' 'AFIEBCGHDJ' 'ACGHDBJIEF' 'AEICBHGFDJ' 'AEICGHBJDF'
 'AEBHDJICGF' 'ACGIEBJHDF' 'AEBJCFGHDI' 'AEIGHBCFDJ' 'AEBDFGHCIJ']
Fitness:
 [199 167 166 163 172 124 203 180 206 171]
Feromona:
 [[0.         0.10568593 0.14429899 0.10020369 0.2180026  0.126892
  0.10143937 0.095099   0.095099   0.10527282]
 [0.10568593 0.         0.14487999 0.15928452 0.25250084 0.11300407
  0.10631849 0.1936728  0.10602875 0.14672039]
 [0.14429899 0.14487999 0.         0.12135862 0.1097048  0.142215
  0.23350277 0.11810946 0.17664185 0.12029309]
 [0.10020369 0.15928452 0.12135862 0.         0.095099   0.18948013
  0.10968966 0.18086398 0.15239693 0.18643069]
 [0.2180026  0.25250084 0.1097048  0.095099   0.         0.11577607
  0.11949939 0.11750524 0.17733512 0.12267271]
 [0.126892   0.11300407 0.142215   0.18948013 0.11577607 0.
  0.18063938 0.11635821 0.12604162 0.11868961]
 [0.10143937 0.10631849 0.23350277 0.10968966 0.11949939 0.18063938
  0.         0.22755529 0.12828564 0.10240242]
 [0.095099   0.1936728  0.11810946 0.18086398 0.11750524 0.11635821
  0.22755529 0.         0.11256595 0.14900906]
 [0.095099   0.10602875 0.17664185 0.15239693 0.17733512 0.12604162
  0.12828564 0.11256595 0.         0.23985159]
 [0.10527282 0.14672039 0.12029309 0.18643069 0.12267271 0.11868961
  0.10240242 0.14900906 0.23985159 0.        ]]

GENERACIÓN  6 :

Población:
 ['ACGBJIEDFH' 'AEBHCDJIGF' 'AEBHGFCIJD' 'ACBDJFIEHG' 'AEIGBHFCJD'
 'AFCBEDIJGH' 'AEBCIJDHGF' 'AGCFIJHBED' 'AEJICGFDHB' 'AICGHBEDFJ']
Fitness:
 [319 275 127 318 290 243 127 238 158 271]
Feromona:
 [[0.         0.10462907 0.14913545 0.09920166 0.24498436 0.12973831
  0.10462666 0.09414801 0.09783805 0.10422009]
 [0.10462907 0.         0.15856508 0.16083633 0.28136717 0.11187403
  0.11183838 0.22091555 0.10496847 0.14838798]
 [0.14913545 0.15856508 0.         0.1237814  0.10860775 0.16043205
  0.24852337 0.12056473 0.20064262 0.12253843]
 [0.09920166 0.16083633 0.1237814  0.         0.10928976 0.20073928
  0.10859276 0.19325847 0.15498818 0.21054371]
 [0.24498436 0.28136717 0.10860775 0.10928976 0.         0.11461831
  0.11830439 0.11947484 0.1852895  0.1277751 ]
 [0.12973831 0.11187403 0.16043205 0.20073928 0.11461831 0.
  0.2045465  0.1217777  0.13212754 0.1243374 ]
 [0.10462666 0.11183838 0.24852337 0.10859276 0.11830439 0.2045465
  0.         0.25197769 0.13408743 0.10549362]
 [0.09414801 0.22091555 0.12056473 0.19325847 0.11947484 0.1217777
  0.25197769 0.         0.11144029 0.15172065]
 [0.09783805 0.10496847 0.20064262 0.15498818 0.1852895  0.13212754
  0.13408743 0.11144029 0.         0.27461829]
 [0.10422009 0.14838798 0.12253843 0.21054371 0.1277751  0.1243374
  0.10549362 0.15172065 0.27461829 0.        ]]

GENERACIÓN  7 :

Población:
 ['ACGFEBDHIJ' 'AEBHJICGFD' 'AEIJCBHDFG' 'ABEJICGFDH' 'AEICGHBFDJ'
 'AEBICJHGFD' 'ACFGJHBEID' 'AEIDHBJFGC' 'AEBHGFCIJD' 'AEBHDCGJIF']
Fitness:
 [201 135 151 167 186 190 189 228 127 238]
Feromona:
 [[0.         0.1095708  0.15791022 0.09820964 0.28366561 0.12844093
  0.10358039 0.09320653 0.09685967 0.10317789]
 [0.1095708  0.         0.16360195 0.16420309 0.31955392 0.11613163
  0.11072    0.25986533 0.10918194 0.15129007]
 [0.15791022 0.16360195 0.         0.12674527 0.10752168 0.17199275
  0.27837269 0.11935908 0.23054514 0.13319872]
 [0.09820964 0.16420309 0.12674527 0.         0.10819686 0.22938933
  0.10750683 0.21749919 0.16311527 0.22168863]
 [0.28366561 0.31955392 0.10752168 0.10819686 0.         0.11844725
  0.11712135 0.11828009 0.20511243 0.13248537]
 [0.12844093 0.11613163 0.17199275 0.22938933 0.11844725 0.
  0.25030825 0.12055992 0.13500794 0.12747999]
 [0.10358039 0.11072    0.27837269 0.10750683 0.11712135 0.25030825
  0.         0.26797143 0.13274655 0.11393137]
 [0.09320653 0.25986533 0.11935908 0.21749919 0.11828009 0.12055992
  0.26797143 0.         0.11530101 0.16816501]
 [0.09685967 0.10918194 0.23054514 0.16311527 0.20511243 0.13500794
  0.13274655 0.11530101 0.         0.30894087]
 [0.10317789 0.15129007 0.13319872 0.22168863 0.13248537 0.12747999
  0.11393137 0.16816501 0.30894087 0.        ]]

GENERACIÓN  8 :

Población:
 ['AEIJBHGCDF' 'AEBCGHDFIJ' 'AEBJCGHDFI' 'AEBHGCIJDF' 'ACBEIJFDHG'
 'AEBJDHGCIF' 'AEICHBGDFJ' 'AEGHBCFIJD' 'AEBHGCFDJI' 'AEBHJIDGFC']
Fitness:
 [214 162 200 143 193 181 329 174 150 209]
Feromona:
 [[0.         0.10847509 0.16151247 0.09722754 0.32943055 0.12715652
  0.10254458 0.09227447 0.09589107 0.10214611]
 [0.10847509 0.         0.17906724 0.16256106 0.35668179 0.11497031
  0.11265231 0.28917058 0.10809012 0.16497493]
 [0.16151247 0.17906724 0.         0.13015071 0.10644646 0.1874713
  0.31061923 0.121205   0.24379707 0.13686674]
 [0.09722754 0.16256106 0.13015071 0.         0.10711489 0.26482171
  0.11425597 0.23720325 0.16626881 0.24440341]
 [0.32943055 0.35668179 0.10644646 0.10711489 0.         0.11726278
  0.12169726 0.11709729 0.21595507 0.13116052]
 [0.12715652 0.11497031 0.1874713  0.26482171 0.11726278 0.
  0.25258986 0.11935432 0.15610269 0.13442605]
 [0.10254458 0.11265231 0.31061923 0.11425597 0.12169726 0.25258986
  0.         0.31125046 0.13141909 0.11279206]
 [0.09227447 0.28917058 0.121205   0.23720325 0.11709729 0.11935432
  0.31125046 0.         0.114148   0.17126805]
 [0.09589107 0.10809012 0.24379707 0.16626881 0.21595507 0.15610269
  0.13141909 0.114148   0.         0.34607004]
 [0.10214611 0.16497493 0.13686674 0.24440341 0.13116052 0.13442605
  0.11279206 0.17126805 0.34607004 0.        ]]

GENERACIÓN  9 :

Población:
 ['ACGFDIJHBE' 'AEBHGCIJDF' 'AEBHGCIJDF' 'AEBDFGCIJH' 'AEBHGCIJFD'
 'AEBHDJICFG' 'AEBHGFCDJI' 'AEBHDGCJIF' 'AEBHGCIJDF' 'AEBHDCFGIJ']
Fitness:
 [173 143 143 148 182 133 202 205 143 223]
Feromona:
 [[0.         0.10739034 0.16567769 0.09625527 0.38119817 0.12588495
  0.10151914 0.09135172 0.09493216 0.10112465]
 [0.10739034 0.         0.17727657 0.16769221 0.41395725 0.11382061
  0.11152579 0.34036439 0.10700922 0.16332518]
 [0.16567769 0.17727657 0.         0.138284   0.10538199 0.20255019
  0.35140172 0.11999295 0.28210818 0.14037612]
 [0.09625527 0.16769221 0.138284   0.         0.10604374 0.30118412
  0.11799146 0.25171237 0.17038647 0.27540769]
 [0.38119817 0.41395725 0.10538199 0.10604374 0.         0.11609015
  0.12048029 0.11592632 0.21379552 0.12984891]
 [0.12588495 0.11382061 0.20255019 0.30118412 0.11609015 0.
  0.27955466 0.11816078 0.15941971 0.1385763 ]
 [0.10151914 0.11152579 0.35140172 0.11799146 0.12048029 0.27955466
  0.         0.33956198 0.1345892  0.11166414]
 [0.09135172 0.34036439 0.11999295 0.25171237 0.11592632 0.11816078
  0.33956198 0.         0.11300652 0.18209247]
 [0.09493216 0.10700922 0.28210818 0.17038647 0.21379552 0.15941971
  0.1345892  0.11300652 0.         0.40345161]
 [0.10112465 0.16332518 0.14037612 0.27540769 0.12984891 0.1385763
  0.11166414 0.18209247 0.40345161 0.        ]]

GENERACIÓN  10 :

Población:
 ['AFCEBHGIJD' 'AFGHBDJICE' 'AEBHDFICGJ' 'AEBHGCIJDF' 'AEIFCBHJDG'
 'AEIJBCGHDF' 'AEBHGCFDJI' 'ABEGCIJDFH' 'AFGCJHBEID' 'AEBHGCFDJI']
Fitness:
 [209 181 200 143 245 146 150 236 163 150]
Feromona:
 [[0.         0.11055373 0.16402091 0.09529271 0.41364348 0.14107062
  0.10050395 0.09043821 0.09398284 0.10011341]
 [0.11055373 0.         0.18643475 0.17154015 0.45030096 0.11268241
  0.11041053 0.38281324 0.10593913 0.16854124]
 [0.16402091 0.18643475 0.         0.13690116 0.11463772 0.22272434
  0.39043561 0.11879302 0.30104226 0.14510733]
 [0.09529271 0.17154015 0.13690116 0.         0.1049833  0.33458523
  0.12089318 0.26104456 0.17481757 0.31160842]
 [0.41364348 0.45030096 0.11463772 0.1049833  0.         0.11492925
  0.12351277 0.11476706 0.22872348 0.12855042]
 [0.14107062 0.11268241 0.22272434 0.33458523 0.11492925 0.
  0.28841894 0.12121646 0.16690715 0.13719053]
 [0.10050395 0.11041053 0.39043561 0.12089318 0.12351277 0.28841894
  0.         0.37365156 0.138028   0.1155475 ]
 [0.09043821 0.38281324 0.11879302 0.26104456 0.11476706 0.12121646
  0.37365156 0.         0.11187646 0.19048815]
 [0.09398284 0.10593913 0.30104226 0.17481757 0.22872348 0.16690715
  0.138028   0.11187646 0.         0.44113959]
 [0.10011341 0.16854124 0.14510733 0.31160842 0.12855042 0.13719053
  0.1155475  0.19048815 0.44113959 0.        ]]

GENERACIÓN  11 :

Población:
 ['ABEIJHGCDF' 'AEBHGCIFDJ' 'ACDHJIEBGF' 'ACBEIJDFGH' 'AEICJBHGFD'
 'AEBHGCJIFD' 'AEBHGICFDJ' 'AEBHJIGCFD' 'AEBHJIFGCD' 'AEJIDFCGHB']
Fitness:
 [220 188 225 158 168 170 200 178 218 188]
Feromona:
 [[0.         0.11399365 0.17315426 0.09433979 0.44718521 0.13965992
  0.09949891 0.08953383 0.09304301 0.09911227]
 [0.11399365 0.         0.19089952 0.16982475 0.4875236  0.11155558
  0.11375087 0.41666328 0.10487974 0.17280821]
 [0.17315426 0.19089952 0.         0.14910921 0.11349135 0.23643422
  0.4178025  0.11760509 0.31430336 0.15549099]
 [0.09433979 0.16982475 0.14910921 0.         0.10393347 0.37520495
  0.11968424 0.26287856 0.17838854 0.3251406 ]
 [0.44718521 0.4875236  0.11349135 0.10393347 0.         0.11377996
  0.12227765 0.11361939 0.24770764 0.13258407]
 [0.13965992 0.11155558 0.23643422 0.37520495 0.11377996 0.
  0.30684785 0.1200043  0.18102674 0.13581863]
 [0.09949891 0.11375087 0.4178025  0.11968424 0.12227765 0.30684785
  0.         0.40826265 0.1472657  0.11439202]
 [0.08953383 0.41666328 0.11760509 0.26287856 0.11361939 0.1200043
  0.40826265 0.         0.11075769 0.2077783 ]
 [0.09304301 0.10487974 0.31430336 0.17838854 0.24770764 0.18102674
  0.1472657  0.11075769 0.         0.47345384]
 [0.09911227 0.17280821 0.15549099 0.3251406  0.13258407 0.13581863
  0.11439202 0.2077783  0.47345384 0.        ]]

GENERACIÓN  12 :

Población:
 ['AEBDHGCJIF' 'AEBHGCIDFJ' 'AIEBCGHDFJ' 'AEIJBHGCDF' 'AEBJDFGCIH'
 'AEICJBDFGH' 'AEBDHGCIJF' 'AEBCIJDHGF' 'AEBCGHDJIF' 'AEBHCGIJDF']
Fitness:
 [154 223 205 214 229 181 166 127 158 223]
Feromona:
 [[0.         0.11285371 0.17142272 0.09339639 0.49296727 0.13826332
  0.09850392 0.08863849 0.09699063 0.09812115]
 [0.11285371 0.         0.2080717  0.18616897 0.52758257 0.11044003
  0.11261336 0.42613815 0.10383094 0.1856447 ]
 [0.17142272 0.2080717  0.         0.15229101 0.11235643 0.23406988
  0.45535756 0.12091335 0.33943442 0.16595445]
 [0.09339639 0.18616897 0.15229101 0.         0.10289413 0.39986413
  0.1184874  0.29184856 0.18108896 0.34494344]
 [0.49296727 0.52758257 0.11235643 0.10289413 0.         0.11264216
  0.12105487 0.11248319 0.26030637 0.13125823]
 [0.13826332 0.11044003 0.23406988 0.39986413 0.11264216 0.
  0.32154506 0.11880425 0.19203909 0.14984689]
 [0.09850392 0.11261336 0.45535756 0.1184874  0.12105487 0.32154506
  0.         0.45046087 0.15027734 0.1132481 ]
 [0.08863849 0.42613815 0.12091335 0.29184856 0.11248319 0.11880425
  0.45046087 0.         0.11401693 0.20570052]
 [0.09699063 0.10383094 0.33943442 0.18108896 0.26030637 0.19203909
  0.15027734 0.11401693 0.         0.50459724]
 [0.09812115 0.1856447  0.16595445 0.34494344 0.13125823 0.14984689
  0.1132481  0.20570052 0.50459724 0.        ]]

GENERACIÓN  13 :

Población:
 ['AEBHGCFDJI' 'AFJGHBEICD' 'AEBHFGCJID' 'AECGHDBIJF' 'AEBIHDJGCF'
 'ABHGCIJDFE' 'AEBCDHGFIJ' 'AEBHICFGJD' 'AEBHDIJCGF' 'ABEIJCGDHF']
Fitness:
 [150 270 206 246 248 206 214 218 147 247]
Feromona:
 [[0.         0.12062812 0.16970849 0.09246243 0.52371871 0.14058439
  0.09751888 0.0877521  0.09602073 0.09713994]
 [0.12062812 0.         0.21066388 0.18837232 0.5616751  0.10933563
  0.11148723 0.45334575 0.11088993 0.18378825]
 [0.16970849 0.21066388 0.         0.1591447  0.11529791 0.24701526
  0.48612799 0.11970421 0.3491853  0.18000057]
 [0.09246243 0.18837232 0.1591447  0.         0.10186519 0.40738653
  0.12135111 0.31255157 0.19093516 0.36163446]
 [0.52371871 0.5616751  0.11529791 0.10186519 0.         0.11637011
  0.11984432 0.11135836 0.26545559 0.12994565]
 [0.14058439 0.10933563 0.24701526 0.40738653 0.11637011 0.
  0.33924675 0.12651916 0.1947916  0.15611717]
 [0.09751888 0.11148723 0.48612799 0.12135111 0.11984432 0.33924675
  0.         0.46991893 0.14877457 0.12443874]
 [0.0877521  0.45334575 0.11970421 0.31255157 0.11135836 0.12651916
  0.46991893 0.         0.12149617 0.20364351]
 [0.09602073 0.11088993 0.3491853  0.19093516 0.26545559 0.1947916
  0.14877457 0.12149617 0.         0.53551591]
 [0.09713994 0.18378825 0.18000057 0.36163446 0.12994565 0.15611717
  0.12443874 0.20364351 0.53551591 0.        ]]

GENERACIÓN  14 :

Población:
 ['AECGJIFDBH' 'AEBHGFICJD' 'ACIJEBHGFD' 'AEBHGFDJIC' 'AEBHGCFDIJ'
 'AEIJBHGCFD' 'AEBHGCIJFD' 'AEBGCHDFIJ' 'AEFDHGCIJB' 'ACGHBJIDFE']
Fitness:
 [249 180 145 152 158 146 182 235 192 218]
Feromona:
 [[0.         0.11942184 0.17949512 0.0915378  0.56276868 0.13917854
  0.09654369 0.08687458 0.09506052 0.09616854]
 [0.11942184 0.         0.20855724 0.19050466 0.59116834 0.10824227
  0.11462767 0.49511951 0.10978103 0.19859517]
 [0.17949512 0.20855724 0.         0.15755326 0.118161   0.25772354
  0.51800651 0.12276249 0.37542735 0.18375612]
 [0.0915378  0.19050466 0.15755326 0.         0.10084654 0.45352797
  0.1201376  0.31888971 0.19994208 0.37015261]
 [0.56276868 0.59116834 0.118161   0.10084654 0.         0.1250019
  0.11864588 0.11024478 0.26965035 0.13554274]
 [0.13917854 0.10824227 0.25772354 0.45352797 0.1250019  0.
  0.35488534 0.12525397 0.20667062 0.1600505 ]
 [0.09654369 0.11462767 0.51800651 0.1201376  0.11864588 0.35488534
  0.         0.51271922 0.14728682 0.12721041]
 [0.08687458 0.49511951 0.12276249 0.31888971 0.11024478 0.12525397
  0.51271922 0.         0.12028121 0.20160708]
 [0.09506052 0.10978103 0.37542735 0.19994208 0.26965035 0.20667062
  0.14728682 0.12028121 0.         0.58037606]
 [0.09616854 0.19859517 0.18375612 0.37015261 0.13554274 0.1600505
  0.12721041 0.20160708 0.58037606 0.        ]]

GENERACIÓN  15 :

Población:
 ['AEBHGCIJDF' 'AEBHGCDIJF' 'AEIJHDFCBG' 'AIFDHBEGCJ' 'ABEIDHGJCF'
 'AEBHGFDIJC' 'AEBJIHDFGC' 'AEGCBHDJIF' 'AEJDBFGCIH' 'AEBHGFDJIC']
Fitness:
 [143 261 186 200 205 175 199 171 245 152]
Feromona:
 [[0.         0.12310567 0.17770016 0.09062242 0.6005897  0.13778676
  0.09557825 0.08600584 0.09910991 0.09520685]
 [0.12310567 0.         0.21769597 0.19268124 0.62327749 0.11124148
  0.11885774 0.52413392 0.10868322 0.20163435]
 [0.17770016 0.21769597 0.         0.15980914 0.11697939 0.2654007
  0.54360559 0.12153487 0.38932666 0.1975109 ]
 [0.09062242 0.19268124 0.15980914 0.         0.09983808 0.4836804
  0.11893622 0.34182828 0.21236641 0.38995263]
 [0.6005897  0.62327749 0.11697939 0.09983808 0.         0.12375188
  0.12830737 0.10914233 0.27720824 0.13826895]
 [0.13778676 0.11124148 0.2654007  0.4836804  0.12375188 0.
  0.37273648 0.12400143 0.21545187 0.16228141]
 [0.09557825 0.11885774 0.54360559 0.11893622 0.12830737 0.37273648
  0.         0.53558774 0.14581396 0.13081636]
 [0.08600584 0.52413392 0.12153487 0.34182828 0.10914233 0.12400143
  0.53558774 0.         0.12818516 0.20496735]
 [0.09910991 0.10868322 0.38932666 0.21236641 0.27720824 0.21545187
  0.14581396 0.12818516 0.         0.61393938]
 [0.09520685 0.20163435 0.1975109  0.38995263 0.13826895 0.16228141
  0.13081636 0.20496735 0.61393938 0.        ]]

GENERACIÓN  16 :

Población:
 ['AEBHDFGCJI' 'AEICGHBDFJ' 'AEBCGHJIDF' 'ACGHBDJIEF' 'AEBHGCIJDF'
 'ACIEBHGFDJ' 'AEBHDFGCIJ' 'AEBHGCIJDF' 'AEBHDJIFGC' 'AEIJCFGHBD']
Fitness:
 [143 202 165 169 143 159 128 143 164 129]
Feromona:
 [[0.         0.12187462 0.18812963 0.0897162  0.64823593 0.13640889
  0.09462247 0.08514578 0.09811881 0.09425479]
 [0.12187462 0.         0.22157961 0.20937402 0.66428371 0.11012906
  0.11766916 0.57869057 0.10759639 0.199618  ]
 [0.18812963 0.22157961 0.         0.15821105 0.11580959 0.27049863
  0.58998687 0.12031952 0.41847171 0.21028073]
 [0.0897162  0.20937402 0.15821105 0.         0.0988397  0.52493552
  0.11774686 0.35931307 0.21630336 0.41834314]
 [0.64823593 0.66428371 0.11580959 0.0988397  0.         0.12843152
  0.1270243  0.10805091 0.29934506 0.13688626]
 [0.13640889 0.11012906 0.27049863 0.52493552 0.12843152 0.
  0.40395343 0.12276142 0.21939491 0.1656091 ]
 [0.09462247 0.11766916 0.58998687 0.11774686 0.1270243  0.40395343
  0.         0.57518738 0.14435582 0.12950819]
 [0.08514578 0.57869057 0.12031952 0.35931307 0.10805091 0.12276142
  0.57518738 0.         0.1269033  0.20897828]
 [0.09811881 0.10759639 0.41847171 0.21630336 0.29934506 0.21939491
  0.14435582 0.1269033  0.         0.66241877]
 [0.09425479 0.199618   0.21028073 0.41834314 0.13688626 0.1656091
  0.12950819 0.20897828 0.66241877 0.        ]]

GENERACIÓN  17 :

Población:
 ['ACGHBEJDFI' 'AEBIJGFCHD' 'AEBHGFCDJI' 'AEBCFDHGJI' 'AEBHGJICFD'
 'AEBJIGHFCD' 'AEBHGFIJDC' 'AEBHJDFGCI' 'AEBHDICGFJ' 'AEBICGHDJF']
Fitness:
 [209 209 202 165 158 294 235 168 204 222]
Feromona:
 [[0.         0.12065587 0.19103302 0.08881904 0.686894   0.1350448
  0.09367625 0.08429432 0.09713763 0.09331224]
 [0.12065587 0.         0.22542442 0.20728028 0.70756599 0.10902777
  0.11649247 0.60407762 0.11580962 0.20102318]
 [0.19103302 0.22542442 0.         0.16923611 0.1146515  0.2933199
  0.60423054 0.12390101 0.43597495 0.20817793]
 [0.08881904 0.20728028 0.16923611 0.         0.0978513  0.54281296
  0.11656939 0.3759717  0.21904228 0.4386071 ]
 [0.686894   0.70756599 0.1146515  0.0978513  0.         0.1271472
  0.12575405 0.1069704  0.29635161 0.14030208]
 [0.1350448  0.10902777 0.2933199  0.54281296 0.1271472  0.
  0.42475874 0.12493516 0.22624097 0.17335947]
 [0.09367625 0.11649247 0.60423054 0.11656939 0.12575405 0.42475874
  0.         0.6037216  0.14631362 0.14538752]
 [0.08429432 0.60407762 0.12390101 0.3759717  0.1069704  0.12493516
  0.6037216  0.         0.12563427 0.21284088]
 [0.09713763 0.11580962 0.43597495 0.21904228 0.29635161 0.22624097
  0.14631362 0.12563427 0.         0.68557617]
 [0.09331224 0.20102318 0.20817793 0.4386071  0.14030208 0.17335947
  0.14538752 0.21284088 0.68557617 0.        ]]

GENERACIÓN  18 :

Población:
 ['AEBJHDICFG' 'AEBHGCIJDF' 'AEICGHDFBJ' 'AEBHGDJICF' 'AEBCGHJIDF'
 'AEBHJDFCGI' 'AEBHJDGFCI' 'AEDJICFGHB' 'ACGHBEIDJF' 'AEBHDFCIJG']
Fitness:
 [178 143 183 181 165 211 206 211 221 164]
Feromona:
 [[0.         0.11944931 0.19364758 0.08793085 0.73011659 0.13369435
  0.09273948 0.08345138 0.09616625 0.09237912]
 [0.11944931 0.         0.22923079 0.20520748 0.74490294 0.11340198
  0.11532755 0.6355102  0.11465152 0.21009541]
 [0.19364758 0.22923079 0.         0.16754375 0.11350498 0.32196015
  0.62597055 0.122662   0.4709068  0.20609615]
 [0.08793085 0.20520748 0.16754375 0.         0.10161212 0.56673982
  0.12578293 0.389392   0.23305533 0.46559683]
 [0.73011659 0.74490294 0.11350498 0.10161212 0.         0.12587573
  0.12449651 0.10590069 0.30337746 0.13889906]
 [0.13369435 0.11340198 0.32196015 0.56673982 0.12587573 0.
  0.43572283 0.12368581 0.22397856 0.17615076]
 [0.09273948 0.11532755 0.62597055 0.12578293 0.12449651 0.43572283
  0.         0.63099156 0.14958982 0.15003121]
 [0.08345138 0.6355102  0.122662   0.389392   0.10590069 0.12368581
  0.63099156 0.         0.12437793 0.23198476]
 [0.09616625 0.11465152 0.4709068  0.23305533 0.30337746 0.22397856
  0.14958982 0.12437793 0.         0.70813578]
 [0.09237912 0.21009541 0.20609615 0.46559683 0.13889906 0.17615076
  0.15003121 0.23198476 0.70813578 0.        ]]

GENERACIÓN  19 :

Población:
 ['AFJCIGHBED' 'AEBHGIJDFC' 'AEBCFGHDJI' 'AEBCGIJHDF' 'AEBHGFCIJD'
 'AEBHGFCJDI' 'AEBHGFCIJD' 'AEBHCJIFGD' 'AEBHGFCIJD' 'AEGBCIJDHF']
Fitness:
 [292 195 134 178 127 183 127 245 127 235]
Feromona:
 [[0.         0.11825482 0.1917111  0.08705154 0.77844778 0.13578207
  0.09181209 0.08261686 0.09520459 0.09145532]
 [0.11825482 0.         0.24427446 0.20315541 0.7922556  0.11226796
  0.11842959 0.67087612 0.113505   0.20799446]
 [0.1917111  0.24427446 0.         0.16586832 0.11236993 0.36041797
  0.62532882 0.12551701 0.49749975 0.21700596]
 [0.08705154 0.20315541 0.16586832 0.         0.10402066 0.5718186
  0.12860673 0.40283406 0.23618926 0.5068736 ]
 [0.77844778 0.7922556  0.11236993 0.10402066 0.         0.12461697
  0.12750687 0.10484169 0.30034368 0.13751007]
 [0.13578207 0.11226796 0.36041797 0.5718186  0.12461697 0.
  0.47199645 0.12670427 0.2258204  0.17781391]
 [0.09181209 0.11842959 0.62532882 0.12860673 0.12750687 0.47199645
  0.         0.66978372 0.16226476 0.1485309 ]
 [0.08261686 0.67087612 0.12551701 0.40283406 0.10484169 0.12670427
  0.66978372 0.         0.12313415 0.23528289]
 [0.09520459 0.113505   0.49749975 0.23618926 0.30034368 0.2258204
  0.16226476 0.12313415 0.         0.75122229]
 [0.09145532 0.20799446 0.21700596 0.5068736  0.13751007 0.17781391
  0.1485309  0.23528289 0.75122229 0.        ]]

GENERACIÓN  20 :

Población:
 ['AEBHGJICFD' 'AEIJDBHGCF' 'AEBHDFCGIJ' 'AEBCGFJIHD' 'AEBJICGFDH'
 'AEBCIDHGFJ' 'AEIJDHBCGF' 'AEBHGCFDJI' 'AEBHDFJICG' 'AFHBEIJDCG']
Fitness:
 [158 133 171 216 150 207 130 150 188 255]
Feromona:
 [[0.         0.11707227 0.18979399 0.08618102 0.8261645  0.13834582
  0.09089397 0.08179069 0.09425254 0.09054077]
 [0.11707227 0.         0.25898457 0.20864265 0.82854471 0.11114528
  0.11724529 0.70746292 0.11236995 0.21258118]
 [0.18979399 0.25898457 0.         0.1681312  0.11124623 0.38317632
  0.66733827 0.12426184 0.5156706  0.2148359 ]
 [0.08618102 0.20864265 0.1681312  0.         0.10298045 0.59692997
  0.12732066 0.43379235 0.23865828 0.5276042 ]
 [0.8261645  0.82854471 0.11124623 0.10298045 0.         0.1233708
  0.1262318  0.10379327 0.31647292 0.13613497]
 [0.13834582 0.11114528 0.38317632 0.59692997 0.1233708  0.
  0.49109601 0.1293588  0.2235622  0.19081547]
 [0.09089397 0.11724529 0.66733827 0.12732066 0.1262318  0.49109601
  0.         0.68843138 0.16649007 0.1533747 ]
 [0.08179069 0.70746292 0.12426184 0.43379235 0.10379327 0.1293588
  0.68843138 0.         0.12653244 0.23293006]
 [0.09425254 0.11236995 0.5156706  0.23865828 0.31647292 0.2235622
  0.16649007 0.12653244 0.         0.79830192]
 [0.09054077 0.21258118 0.2148359  0.5276042  0.13613497 0.19081547
  0.1533747  0.23293006 0.79830192 0.        ]]

GENERACIÓN  21 :

Población:
 ['AEBHDJICFG' 'AEJBCIHDGF' 'AEBCFDHGJI' 'AEBHCIJDFG' 'AEBHGCFDJI'
 'AEBHGFCIJD' 'AEBHGCIJDF' 'AEBHGFICJD' 'AEIJHDBCFG' 'AECBJGHDFI']
Fitness:
 [133 260 165 189 150 127 143 180 134 269]
Feromona:
 [[0.         0.11590155 0.18789605 0.08531921 0.87888882 0.13696236
  0.08998503 0.08097279 0.09331002 0.08963536]
 [0.11590155 0.         0.27748164 0.21401891 0.86621891 0.11003382
  0.11607284 0.74028734 0.11124625 0.21801899]
 [0.18789605 0.27748164 0.         0.16644989 0.11385124 0.41492733
  0.67432456 0.12831023 0.54759243 0.21824309]
 [0.08531921 0.21401891 0.16644989 0.         0.10195065 0.61968943
  0.12989361 0.45806014 0.2362717  0.56222721]
 [0.87888882 0.86621891 0.11385124 0.10195065 0.         0.1221371
  0.12496948 0.10275534 0.32077088 0.13861978]
 [0.13696236 0.11003382 0.41492733 0.61968943 0.1221371  0.
  0.52373326 0.12806521 0.23059961 0.18890731]
 [0.08998503 0.11607284 0.67432456 0.12989361 0.12496948 0.52373326
  0.         0.71841439 0.16482517 0.16161903]
 [0.08097279 0.74028734 0.12831023 0.45806014 0.10275534 0.12806521
  0.71841439 0.         0.12911327 0.23806345]
 [0.09331002 0.11124625 0.54759243 0.2362717  0.32077088 0.23059961
  0.16482517 0.12911327 0.         0.83818569]
 [0.08963536 0.21801899 0.21824309 0.56222721 0.13861978 0.18890731
  0.16161903 0.23806345 0.83818569 0.        ]]

GENERACIÓN  22 :

Población:
 ['AEBCGHDFIJ' 'AFGCBHDJIE' 'ACIBEJHDFG' 'AEBCGHDJIF' 'AEBHGCIJDF'
 'AEBCGFDHJI' 'AEFCBDHJIG' 'AEBHGCIJFD' 'AFCIJHBEGD' 'ABHGCIJFDE']
Fitness:
 [162 134 202 158 143 142 211 182 178 277]
Feromona:
 [[0.         0.11835264 0.19096759 0.08446602 0.90687099 0.1486734
  0.08908518 0.08016306 0.09237692 0.08873901]
 [0.11835264 0.         0.30645306 0.21661806 0.90015691 0.10893349
  0.11491211 0.76206275 0.11508429 0.2158388 ]
 [0.19096759 0.30645306 0.         0.16478539 0.11271273 0.42113537
  0.71068583 0.12702713 0.5687826  0.21606066]
 [0.08446602 0.21661806 0.16478539 0.         0.10454125 0.64775574
  0.13421265 0.49017626 0.23390898 0.57738974]
 [0.90687099 0.90015691 0.11271273 0.10454125 0.         0.12565506
  0.12933776 0.10172778 0.32502586 0.14218407]
 [0.1486734  0.10893349 0.42113537 0.64775574 0.12565506 0.
  0.53795137 0.12678456 0.24079556 0.19612286]
 [0.08908518 0.11491211 0.71068583 0.13421265 0.12933776 0.53795137
  0.         0.73982982 0.16791625 0.16000284]
 [0.08016306 0.76206275 0.12702713 0.49017626 0.10172778 0.12678456
  0.73982982 0.         0.12782213 0.25803288]
 [0.09237692 0.11508429 0.5687826  0.23390898 0.32502586 0.24079556
  0.16791625 0.12782213 0.         0.88326566]
 [0.08873901 0.2158388  0.21606066 0.57738974 0.14218407 0.19612286
  0.16000284 0.25803288 0.88326566 0.        ]]

GENERACIÓN  23 :

Población:
 ['AEBHGCFIJD' 'AEBCIJGHDF' 'AEBHGCIJDF' 'AEBHGFDJIC' 'AEBHGCJIDF'
 'AEBHGCIJDF' 'AEBJIFGHDC' 'AFJICGHBED' 'AEBDFJICGH' 'AEBHDIJGFC']
Fitness:
 [158 158 143 152 166 143 232 227 195 175]
Feromona:
 [[0.         0.11716911 0.18905791 0.08362136 0.9522024  0.15159195
  0.08819433 0.07936143 0.09145315 0.08785162]
 [0.11716911 0.         0.30971764 0.21958008 0.94996075 0.10784415
  0.11376299 0.79747986 0.11393344 0.21799076]
 [0.18905791 0.30971764 0.         0.16744788 0.1115856  0.42896741
  0.73945169 0.12575686 0.59952234 0.21992415]
 [0.08362136 0.21958008 0.16744788 0.         0.10790112 0.67932456
  0.13287053 0.50162824 0.24330828 0.59850992]
 [0.9522024  0.94996075 0.1115856  0.10790112 0.         0.12439851
  0.12804439 0.1007105  0.3217756  0.14076223]
 [0.15159195 0.10784415 0.42896741 0.67932456 0.12439851 0.
  0.54917543 0.12551671 0.24902707 0.20369512]
 [0.08819433 0.11376299 0.73945169 0.13287053 0.12804439 0.54917543
  0.         0.78552264 0.16623709 0.17044621]
 [0.07936143 0.79747986 0.12575686 0.50162824 0.1007105  0.12551671
  0.78552264 0.         0.12654391 0.25545255]
 [0.09145315 0.11393344 0.59952234 0.24330828 0.3217756  0.24902707
  0.16623709 0.12654391 0.         0.93323841]
 [0.08785162 0.21799076 0.21992415 0.59850992 0.14076223 0.20369512
  0.17044621 0.25545255 0.93323841 0.        ]]

GENERACIÓN  24 :

Población:
 ['AEIJBHGCFD' 'AEBHGCIDFJ' 'AEBHGFCIJD' 'AEIJBHDFGC' 'AFCGHBEJID'
 'AEBHGCFIJD' 'AEBHGJICFD' 'AEBHGCIJDF' 'AFDHBEIJCG' 'AEBCGHDJIF']
Fitness:
 [146 223 127 152 149 158 158 143 140 158]
Feromona:
 [[0.         0.11599742 0.18716733 0.08278515 0.99444731 0.1639303
  0.08731238 0.07856781 0.09053862 0.0869731 ]
 [0.11599742 0.         0.31294958 0.21738428 0.99265408 0.10676571
  0.11262536 0.84879715 0.11279411 0.22923911]
 [0.18716733 0.31294958 0.         0.1657734  0.11046975 0.45877071
  0.78347524 0.12449929 0.61920756 0.22486777]
 [0.08278515 0.21738428 0.1657734  0.         0.10682211 0.71090886
  0.13154182 0.51666288 0.25207091 0.62005007]
 [0.99444731 0.99265408 0.11046975 0.10682211 0.         0.12315453
  0.12676394 0.0997034  0.33912896 0.14606602]
 [0.1639303  0.10676571 0.45877071 0.71090886 0.12315453 0.
  0.55813664 0.12426155 0.25919502 0.20614247]
 [0.08731238 0.11262536 0.78347524 0.13154182 0.12676394 0.55813664
  0.         0.82956681 0.16457472 0.17507086]
 [0.07856781 0.84879715 0.12449929 0.51666288 0.0997034  0.12426155
  0.82956681 0.         0.12527847 0.25289802]
 [0.09053862 0.11279411 0.61920756 0.25207091 0.33912896 0.25919502
  0.16457472 0.12527847 0.         0.98504292]
 [0.0869731  0.22923911 0.22486777 0.62005007 0.14606602 0.20614247
  0.17507086 0.25289802 0.98504292 0.        ]]

GENERACIÓN  25 :

Población:
 ['AEBCGHDJIF' 'AEIJHGCBDF' 'AFCIEBHGDJ' 'AEBHDFGCIJ' 'AEBFCGJDIH'
 'AEIJBGCFHD' 'AEBHGCJIDF' 'AEBHDICFGJ' 'AEBHGCFDJI' 'AEBCFGHJID']
Fitness:
 [158 144 190 128 281 222 166 180 150 149]
Feromona:
 [[0.         0.11483745 0.18529566 0.0819573  1.03860984 0.16755415
  0.08643926 0.07778214 0.08963323 0.08610337]
 [0.11483745 0.         0.32980505 0.22215488 1.03064876 0.10925677
  0.11600361 0.87163115 0.11166617 0.23145123]
 [0.18529566 0.32980505 0.         0.16411567 0.10936505 0.48644301
  0.81748053 0.12325429 0.6316467  0.22864319]
 [0.0819573  0.22215488 0.16411567 0.         0.10575389 0.73124748
  0.13548956 0.53569792 0.27139998 0.63566723]
 [1.03860984 1.03064876 0.10936505 0.10575389 0.         0.12192298
  0.1254963  0.09870637 0.35244978 0.14460536]
 [0.16755415 0.10925677 0.48644301 0.73124748 0.12192298 0.
  0.57263474 0.12752343 0.26293219 0.20408105]
 [0.08643926 0.11600361 0.81748053 0.13548956 0.1254963  0.57263474
  0.         0.85921003 0.16292897 0.18243443]
 [0.07778214 0.87163115 0.12325429 0.53569792 0.09870637 0.12752343
  0.85921003 0.         0.12758441 0.2640249 ]
 [0.08963323 0.11166617 0.6316467  0.27139998 0.35244978 0.26293219
  0.16292897 0.12758441 0.         1.02018522]
 [0.08610337 0.23145123 0.22864319 0.63566723 0.14460536 0.20408105
  0.18243443 0.2640249  1.02018522 0.        ]]

GENERACIÓN  26 :

Población:
 ['AEBCIJFDHG' 'AEICBHJGFD' 'AEBDJIGCFH' 'AEBHGFCIJD' 'AEGJICBHDF'
 'AEBCJIFGDH' 'AEBHDICFGJ' 'AEBCHGFDJI' 'AEBHJICGFD' 'AEBHCFDIJG']
Fitness:
 [191 182 239 127 171 218 180 190 135 231]
Feromona:
 [[0.         0.11368907 0.1834427  0.08113772 1.0840022  0.16587861
  0.08557487 0.07700431 0.0887369  0.08524234]
 [0.11368907 0.         0.35293538 0.22411743 1.06477827 0.1081642
  0.11484358 0.89942328 0.11054951 0.22913672]
 [0.1834427  0.35293538 0.         0.16247451 0.1082714  0.50352126
  0.82089724 0.13161391 0.66274527 0.23094391]
 [0.08113772 0.22411743 0.16247451 0.         0.10469635 0.75751263
  0.13872182 0.55156721 0.27857054 0.64663183]
 [1.0840022  1.06477827 0.1082714  0.10469635 0.         0.12070375
  0.13008929 0.0977193  0.35441979 0.14315931]
 [0.16587861 0.1081642  0.50352126 0.75751263 0.12070375 0.
  0.60309019 0.1304323  0.26489002 0.20727584]
 [0.08557487 0.11484358 0.82089724 0.13872182 0.13008929 0.60309019
  0.         0.86899071 0.16548378 0.2018371 ]
 [0.07700431 0.89942328 0.13161391 0.55156721 0.0977193  0.1304323
  0.86899071 0.         0.12630856 0.27428656]
 [0.0887369  0.11054951 0.66274527 0.27857054 0.35441979 0.26489002
  0.16548378 0.12630856 0.         1.05471177]
 [0.08524234 0.22913672 0.23094391 0.64663183 0.14315931 0.20727584
  0.2018371  0.27428656 1.05471177 0.        ]]

GENERACIÓN  27 :

Población:
 ['AEBHGJICFD' 'AEBIJGCFDH' 'AEBCIJDGHF' 'AEBHDFCIJG' 'AEBHDIJGFC'
 'AEBHGCIJFD' 'AEBHGFCIJD' 'AEBCGHDFIJ' 'AEBHGCJIFD' 'AEBDHGCIJF']
Fitness:
 [158 198 240 164 175 182 127 162 170 166]
Feromona:
 [[0.         0.11255218 0.18160828 0.08032635 1.13196812 0.16421982
  0.08471912 0.07623427 0.08784953 0.08438991]
 [0.11255218 0.         0.35974553 0.22790036 1.11293643 0.10708256
  0.11369514 0.92782089 0.11449452 0.22684535]
 [0.18160828 0.35974553 0.         0.16084977 0.10718868 0.52955153
  0.84131256 0.13029778 0.69210378 0.23451682]
 [0.08032635 0.22790036 0.16084977 0.         0.10364939 0.78496439
  0.14150127 0.57511083 0.28149912 0.6522062 ]
 [1.13196812 1.11293643 0.10718868 0.10364939 0.         0.11949671
  0.1287884  0.09674211 0.35087559 0.14172771]
 [0.16421982 0.10708256 0.52955153 0.78496439 0.11949671 0.
  0.61064759 0.13329464 0.27429631 0.21672168]
 [0.08471912 0.11369514 0.84131256 0.14150127 0.1287884  0.61064759
  0.         0.90224439 0.16382894 0.2230102 ]
 [0.07623427 0.92782089 0.13029778 0.57511083 0.09674211 0.13329464
  0.90224439 0.         0.12504548 0.2715437 ]
 [0.08784953 0.11449452 0.69210378 0.28149912 0.35087559 0.27429631
  0.16382894 0.12504548 0.         1.10297059]
 [0.08438991 0.22684535 0.23451682 0.6522062  0.14172771 0.21672168
  0.2230102  0.2715437  1.10297059 0.        ]]

GENERACIÓN  28 :

Población:
 ['AEBHJICGFD' 'AEBHGCJIFD' 'AEICGFDBHJ' 'AEIJGHBCFD' 'AEBHDIJGCF'
 'AEBHGCIJDF' 'AEBHGDJICF' 'AEBHGCFDIJ' 'ACGFIEBHDJ' 'AEBHGCFDJI']
Fitness:
 [135 170 155 164 166 143 181 158 171 150]
Feromona:
 [[0.         0.11142666 0.18564015 0.07952308 1.17802512 0.16257763
