Los caminos:
 [[ 0 12  3 23  1  5 23 56 12 11]
 [12  0  9 18  3 41 45  5 41 27]
 [ 3  9  0 89 56 21 12 48 14 29]
 [23 18 89  0 87 46 75 17 50 42]
 [ 1  3 56 87  0 55 22 86 14 33]
 [ 5 41 21 46 55  0 21 76 54 81]
 [23 45 12 75 22 21  0 11 57 48]
 [56  5 48 17 86 76 11  0 63 24]
 [12 41 14 50 14 54 57 63  0  9]
 [11 27 29 42 33 81 48 24  9  0]]

COMIENZO PROCESO:  23-05-2019 14:47:20

Feromona Inicial:
 [[0.  0.1 0.1 0.1 0.1 0.1 0.1 0.1 0.1 0.1]
 [0.1 0.  0.1 0.1 0.1 0.1 0.1 0.1 0.1 0.1]
 [0.1 0.1 0.  0.1 0.1 0.1 0.1 0.1 0.1 0.1]
 [0.1 0.1 0.1 0.  0.1 0.1 0.1 0.1 0.1 0.1]
 [0.1 0.1 0.1 0.1 0.  0.1 0.1 0.1 0.1 0.1]
 [0.1 0.1 0.1 0.1 0.1 0.  0.1 0.1 0.1 0.1]
 [0.1 0.1 0.1 0.1 0.1 0.1 0.  0.1 0.1 0.1]
 [0.1 0.1 0.1 0.1 0.1 0.1 0.1 0.  0.1 0.1]
 [0.1 0.1 0.1 0.1 0.1 0.1 0.1 0.1 0.  0.1]
 [0.1 0.1 0.1 0.1 0.1 0.1 0.1 0.1 0.1 0. ]]

Visibilidad:
 [[0, 0.08333333333333333, 0.3333333333333333, 0.043478260869565216, 1.0, 0.2, 0.043478260869565216, 0.017857142857142856, 0.08333333333333333, 0.09090909090909091], [0.08333333333333333, 0, 0.1111111111111111, 0.05555555555555555, 0.3333333333333333, 0.024390243902439025, 0.022222222222222223, 0.2, 0.024390243902439025, 0.037037037037037035], [0.3333333333333333, 0.1111111111111111, 0, 0.011235955056179775, 0.017857142857142856, 0.047619047619047616, 0.08333333333333333, 0.020833333333333332, 0.07142857142857142, 0.034482758620689655], [0.043478260869565216, 0.05555555555555555, 0.011235955056179775, 0, 0.011494252873563218, 0.021739130434782608, 0.013333333333333334, 0.058823529411764705, 0.02, 0.023809523809523808], [1.0, 0.3333333333333333, 0.017857142857142856, 0.011494252873563218, 0, 0.01818181818181818, 0.045454545454545456, 0.011627906976744186, 0.07142857142857142, 0.030303030303030304], [0.2, 0.024390243902439025, 0.047619047619047616, 0.021739130434782608, 0.01818181818181818, 0, 0.047619047619047616, 0.013157894736842105, 0.018518518518518517, 0.012345679012345678], [0.043478260869565216, 0.022222222222222223, 0.08333333333333333, 0.013333333333333334, 0.045454545454545456, 0.047619047619047616, 0, 0.09090909090909091, 0.017543859649122806, 0.020833333333333332], [0.017857142857142856, 0.2, 0.020833333333333332, 0.058823529411764705, 0.011627906976744186, 0.013157894736842105, 0.09090909090909091, 0, 0.015873015873015872, 0.041666666666666664], [0.08333333333333333, 0.024390243902439025, 0.07142857142857142, 0.02, 0.07142857142857142, 0.018518518518518517, 0.017543859649122806, 0.015873015873015872, 0, 0.1111111111111111], [0.09090909090909091, 0.037037037037037035, 0.034482758620689655, 0.023809523809523808, 0.030303030303030304, 0.012345679012345678, 0.020833333333333332, 0.041666666666666664, 0.1111111111111111, 0]]

GENERACIÓN  1 :

Población:
 ['AGFIEBHDJC' 'ACEBHJIDFG' 'ACFIJHBEGD' 'ABCGHIJEDF' 'AEBGFDIJHC'
 'AEGJCIFBHD' 'AEDFBCGJIH' 'AEBCIFGDHJ' 'ABEFCDIJGH' 'AEBCGFDJIH']
Fitness:
 [208 217 216 282 247 231 316 218 298 206]
El nuevo mejor es:  AEBCGFDJIH  con:  206
FEROMONA:
+----------+----------+----------+----------+----------+----------+----------+----------+----------+----------+
|   0.0    | 0.096902 | 0.099238 |   0.09   | 0.135256 |   0.09   | 0.094808 |   0.09   |   0.09   |   0.09   |
| 0.096902 |   0.0    | 0.130424 |   0.09   | 0.145163 | 0.097494 | 0.094049 | 0.108375 |   0.09   |   0.09   |
| 0.099238 | 0.130424 |   0.0    | 0.093356 | 0.094608 | 0.097985 | 0.125837 | 0.094049 | 0.098916 | 0.099137 |
|   0.09   |   0.09   | 0.093356 |   0.0    | 0.096711 | 0.134494 | 0.099217 | 0.103724 | 0.102013 | 0.123934 |
| 0.135256 | 0.145163 | 0.094608 | 0.096711 |   0.0    | 0.093356 | 0.098959 |   0.09   | 0.094808 | 0.093546 |
|   0.09   | 0.097494 | 0.097985 | 0.134494 | 0.093356 |   0.0    | 0.137178 |   0.09   | 0.108353 |   0.09   |
| 0.094808 | 0.094049 | 0.125837 | 0.099217 | 0.098959 | 0.137178 |   0.0    | 0.096902 |   0.09   | 0.100849 |
|   0.09   | 0.108375 | 0.094049 | 0.103724 |   0.09   |   0.09   | 0.096902 |   0.0    | 0.125837 | 0.107874 |
|   0.09   |   0.09   | 0.098916 | 0.102013 | 0.094808 | 0.108353 |   0.09   | 0.125837 |   0.0    | 0.142479 |
|   0.09   |   0.09   | 0.099137 | 0.123934 | 0.093546 |   0.09   | 0.100849 | 0.107874 | 0.142479 |   0.0    |
+----------+----------+----------+----------+----------+----------+----------+----------+----------+----------+

GENERACIÓN  2 :

Población:
 ['AEBHJIGCFD' 'AGCBHJIEDF' 'AEIJHDBCGF' 'AEJCBHDGFI' 'ACBHDFIJGE'
 'AEIJHBCGFD' 'ACBHJIFGED' 'AEFGCIJDHB' 'AEBHGCIJDF' 'AEBDHGCFJI']
Fitness:
 [178 229 125 244 213 141 234 176 143 173]
El nuevo mejor es:  AEIJHDBCGF  con:  125
FEROMONA:
+----------+----------+----------+----------+----------+----------+----------+----------+----------+----------+
|   0.0    | 0.087212 | 0.098282 |  0.081   | 0.204994 |  0.081   | 0.089694 |  0.081   |  0.081   |  0.081   |
| 0.087212 |   0.0    | 0.189907 | 0.13478  | 0.149038 | 0.087744 | 0.084644 | 0.140356 |  0.081   |  0.081   |
| 0.098282 | 0.189907 |   0.0    | 0.08402  | 0.085147 | 0.099585 | 0.196785 | 0.084644 | 0.101699 | 0.093321 |
|  0.081   | 0.13478  | 0.08402  |   0.0    | 0.09568  | 0.149809 | 0.093393 | 0.161607 | 0.091811 | 0.124215 |
| 0.204994 | 0.149038 | 0.085147 | 0.09568  |   0.0    | 0.089702 | 0.098031 |  0.081   | 0.144786 | 0.08829  |
|  0.081   | 0.087744 | 0.099585 | 0.149809 | 0.089702 |   0.0    | 0.192606 |  0.081   | 0.110585 | 0.08678  |
| 0.089694 | 0.084644 | 0.196785 | 0.093393 | 0.098031 | 0.192606 |   0.0    | 0.099985 | 0.086618 | 0.095459 |
|  0.081   | 0.140356 | 0.084644 | 0.161607 |  0.081   |  0.081   | 0.099985 |   0.0    | 0.113253 | 0.166437 |
|  0.081   |  0.081   | 0.101699 | 0.091811 | 0.144786 | 0.110585 | 0.086618 | 0.113253 |   0.0    | 0.220732 |
|  0.081   |  0.081   | 0.093321 | 0.124215 | 0.08829  | 0.08678  | 0.095459 | 0.166437 | 0.220732 |   0.0    |
+----------+----------+----------+----------+----------+----------+----------+----------+----------+----------+

GENERACIÓN  3 :

Población:
 ['AIBJCGEFHD' 'AEBHJDCIFG' 'AEBDHJIFGC' 'AEBJIFDHGC' 'AIJHBCGEDF'
 'AEBCIJGFDH' 'AEBIJGCFHD' 'AEGCJIDBHF' 'ACFIJBHDGE' 'ACIDBHJEGF']
Fitness:
 [291 253 159 180 226 168 228 222 233 190]
FEROMONA:
+----------+----------+----------+----------+----------+----------+----------+----------+----------+----------+
|   0.0    | 0.07849  | 0.098009 |  0.0729  | 0.255135 |  0.0729  | 0.080724 |  0.0729  | 0.080761 |  0.0729  |
| 0.07849  |   0.0    | 0.221294 | 0.177359 | 0.16027  | 0.07897  | 0.076179 | 0.148757 | 0.080722 | 0.086184 |
| 0.098009 | 0.221294 |   0.0    | 0.079571 | 0.076633 | 0.098304 | 0.245703 | 0.076179 | 0.106698 | 0.09193  |
|  0.0729  | 0.177359 | 0.079571 |   0.0    | 0.090537 | 0.150761 | 0.088346 | 0.215358 | 0.092398 | 0.115746 |
| 0.255135 | 0.16027  | 0.076633 | 0.090537 |   0.0    | 0.084168 | 0.110149 |  0.0729  | 0.170307 | 0.084724 |
|  0.0729  | 0.07897  | 0.098304 | 0.150761 | 0.084168 |   0.0    | 0.234803 | 0.085227 | 0.119616 | 0.078102 |
| 0.080724 | 0.076179 | 0.245703 | 0.088346 | 0.110149 | 0.234803 |   0.0    | 0.095542 | 0.077956 | 0.096252 |
|  0.0729  | 0.148757 | 0.076179 | 0.215358 |  0.0729  | 0.085227 | 0.095542 |   0.0    | 0.101928 | 0.209723 |
| 0.080761 | 0.080722 | 0.106698 | 0.092398 | 0.170307 | 0.119616 | 0.077956 | 0.101928 |   0.0    | 0.274063 |
|  0.0729  | 0.086184 | 0.09193  | 0.115746 | 0.084724 | 0.078102 | 0.096252 | 0.209723 | 0.274063 |   0.0    |
+----------+----------+----------+----------+----------+----------+----------+----------+----------+----------+

GENERACIÓN  4 :

Población:
 ['ACGHBEJIDF' 'AEJIBHGCDF' 'AEBICGFDHJ' 'AFCBEIJHGD' 'AEBHGCFDJI'
 'AEBIJHDGCF' 'AFCBEGIJHD' 'AEBGFCIJHD' 'AFCBEGHDJI' 'AEICGFBHJD']
Fitness:
 [172 247 179 171 150 203 167 155 139 174]
FEROMONA:
+----------+----------+----------+----------+----------+----------+----------+----------+----------+----------+
|   0.0    | 0.070641 | 0.094022 | 0.06561  | 0.303048 | 0.08464  | 0.072652 | 0.06561  | 0.072685 | 0.06561  |
| 0.070641 |   0.0    | 0.258195 | 0.199623 | 0.192718 | 0.07682  | 0.075013 | 0.156158 | 0.087211 | 0.077565 |
| 0.094022 | 0.258195 |   0.0    | 0.075662 | 0.068969 | 0.125549 | 0.293922 | 0.068561 | 0.113813 | 0.082737 |
| 0.06561  | 0.199623 | 0.075662 |   0.0    | 0.081483 | 0.157801 | 0.090285 | 0.263968 | 0.088972 | 0.12378  |
| 0.303048 | 0.192718 | 0.068969 | 0.081483 |   0.0    | 0.075751 | 0.112316 | 0.06561  | 0.204872 | 0.086114 |
| 0.08464  | 0.07682  | 0.125549 | 0.157801 | 0.075751 |   0.0    | 0.269108 | 0.076704 | 0.107654 | 0.070292 |
| 0.072652 | 0.075013 | 0.293922 | 0.090285 | 0.112316 | 0.269108 |   0.0    | 0.115559 | 0.076149 | 0.086626 |
| 0.06561  | 0.156158 | 0.068561 | 0.263968 | 0.06561  | 0.076704 | 0.115559 |   0.0    | 0.091735 | 0.263298 |
| 0.072685 | 0.087211 | 0.113813 | 0.088972 | 0.204872 | 0.107654 | 0.076149 | 0.091735 |   0.0    | 0.333594 |
| 0.06561  | 0.077565 | 0.082737 | 0.12378  | 0.086114 | 0.070292 | 0.086626 | 0.263298 | 0.333594 |   0.0    |
+----------+----------+----------+----------+----------+----------+----------+----------+----------+----------+

GENERACIÓN  5 :

Población:
 ['AEBDGCFIJH' 'AEBCGHDFIJ' 'AEGCBHDJIF' 'AEGCBHFIJD' 'ABCGFDHJIE'
 'ACGHDBEIFJ' 'AEBCGHJIDF' 'AEBCIJHDFG' 'AEBJHDFIGC' 'ACBJIDHFGE']
Fitness:
 [217 162 171 230 164 213 165 144 241 234]
FEROMONA:
+----------+----------+----------+----------+----------+----------+----------+----------+----------+----------+
|   0.0    | 0.069675 | 0.093588 | 0.059049 | 0.350874 | 0.076176 | 0.065387 | 0.059049 | 0.065417 | 0.059049 |
| 0.069675 |   0.0    | 0.31212  | 0.228964 | 0.206077 | 0.069138 | 0.067512 | 0.150738 | 0.07849  | 0.078232 |
| 0.093588 | 0.31212  |   0.0    | 0.068096 | 0.062073 | 0.117602 | 0.346509 | 0.061705 | 0.109376 | 0.074463 |
| 0.059049 | 0.228964 | 0.068096 |   0.0    | 0.073335 | 0.171445 | 0.085865 | 0.315752 | 0.090409 | 0.121598 |
| 0.350874 | 0.206077 | 0.062073 | 0.073335 |   0.0    | 0.068176 | 0.115554 | 0.059049 | 0.235177 | 0.077503 |
| 0.076176 | 0.069138 | 0.117602 | 0.171445 | 0.068176 |   0.0    | 0.299513 | 0.077655 | 0.12671  | 0.067958 |
| 0.065387 | 0.067512 | 0.346509 | 0.085865 | 0.115554 | 0.299513 |   0.0    | 0.120932 | 0.072683 | 0.077964 |
| 0.059049 | 0.150738 | 0.061705 | 0.315752 | 0.059049 | 0.077655 | 0.120932 |   0.0    | 0.082562 | 0.304829 |
| 0.065417 | 0.07849  | 0.109376 | 0.090409 | 0.235177 | 0.12671  | 0.072683 | 0.082562 |   0.0    | 0.384587 |
| 0.059049 | 0.078232 | 0.074463 | 0.121598 | 0.077503 | 0.067958 | 0.077964 | 0.304829 | 0.384587 |   0.0    |
+----------+----------+----------+----------+----------+----------+----------+----------+----------+----------+

GENERACIÓN  6 :

Población:
 ['ACBEIJHDFG' 'AEBCGHDJIF' 'AEHJICBDFG' 'AEIJHBCGFD' 'AEJIFHDBCG'
 'AEBCHDJIFG' 'AEGCBDIJHF' 'AEBCGFIJHD' 'AEBCGHFDIJ' 'AEBCIJHGFD']
Fitness:
 [146 158 228 141 229 204 221 150 217 138]
FEROMONA:
+----------+----------+----------+----------+----------+----------+----------+----------+----------+----------+
|   0.0    | 0.062707 | 0.091079 | 0.053144 | 0.405909 | 0.068559 | 0.058848 | 0.053144 | 0.058875 | 0.053144 |
| 0.062707 |   0.0    | 0.377879 | 0.259345 | 0.222071 | 0.062224 | 0.060761 | 0.142756 | 0.070641 | 0.070409 |
| 0.091079 | 0.377879 |   0.0    | 0.061286 | 0.055865 | 0.105842 | 0.385446 | 0.060437 | 0.110071 | 0.067017 |
| 0.053144 | 0.259345 | 0.061286 |   0.0    | 0.066001 | 0.184483 | 0.077279 | 0.353291 | 0.090501 | 0.120669 |
| 0.405909 | 0.222071 | 0.055865 | 0.066001 |   0.0    | 0.061359 | 0.108523 | 0.05753  | 0.265601 | 0.074119 |
| 0.068559 | 0.062224 | 0.105842 | 0.184483 | 0.061359 |   0.0    | 0.346704 | 0.08339  | 0.136303 | 0.061162 |
| 0.058848 | 0.060761 | 0.385446 | 0.077279 | 0.108523 | 0.346704 |   0.0    | 0.127022 | 0.065415 | 0.070167 |
| 0.053144 | 0.142756 | 0.060437 | 0.353291 | 0.05753  | 0.08339  | 0.127022 |   0.0    | 0.074305 | 0.351111 |
| 0.058875 | 0.070641 | 0.110071 | 0.090501 | 0.265601 | 0.136303 | 0.065415 | 0.074305 |   0.0    |  0.4431  |
| 0.053144 | 0.070409 | 0.067017 | 0.120669 | 0.074119 | 0.061162 | 0.070167 | 0.351111 |  0.4431  |   0.0    |
+----------+----------+----------+----------+----------+----------+----------+----------+----------+----------+

GENERACIÓN  7 :

Población:
 ['AEBDHJICFG' 'AEBHDFGIJC' 'ACBEIJHDFG' 'ACBEIJHGFD' 'AEDBFIJHGC'
 'AEBDHGCJIF' 'AEIJHGDBCF' 'AEBCIJHGFD' 'AEBCGFIJHD' 'AEBCIJHGFD']
Fitness:
 [128 188 146 140 257 154 182 138 150 138]
FEROMONA:
+----------+----------+----------+----------+----------+----------+----------+----------+----------+----------+
|   0.0    | 0.056437 | 0.095963 | 0.04783  | 0.455488 | 0.061703 | 0.052963 | 0.04783  | 0.052987 | 0.04783  |
| 0.056437 |   0.0    | 0.420738 | 0.297102 | 0.254641 | 0.059893 | 0.054684 |  0.1338  | 0.063577 | 0.063368 |
| 0.095963 | 0.420738 |   0.0    | 0.055158 | 0.050279 | 0.108565 | 0.403953 | 0.054393 | 0.121369 | 0.072128 |
| 0.04783  | 0.297102 | 0.055158 |   0.0    | 0.063292 | 0.199839 | 0.075045 | 0.391103 | 0.081451 | 0.108602 |
| 0.455488 | 0.254641 | 0.050279 | 0.063292 |   0.0    | 0.055223 | 0.097671 | 0.051777 | 0.298527 | 0.066707 |
| 0.061703 | 0.059893 | 0.108565 | 0.199839 | 0.055223 |   0.0    | 0.400317 | 0.075051 | 0.139724 | 0.055046 |
| 0.052963 | 0.054684 | 0.403953 | 0.075045 | 0.097671 | 0.400317 |   0.0    | 0.151835 | 0.064192 | 0.063151 |
| 0.04783  |  0.1338  | 0.054393 | 0.391103 | 0.051777 | 0.075051 | 0.151835 |   0.0    | 0.066875 | 0.40835  |
| 0.052987 | 0.063577 | 0.121369 | 0.081451 | 0.298527 | 0.139724 | 0.064192 | 0.066875 |   0.0    | 0.502953 |
| 0.04783  | 0.063368 | 0.072128 | 0.108602 | 0.066707 | 0.055046 | 0.063151 | 0.40835  | 0.502953 |   0.0    |
+----------+----------+----------+----------+----------+----------+----------+----------+----------+----------+

GENERACIÓN  8 :

Población:
 ['AEBHDJGCIF' 'AEBCJIDHGF' 'AEBCGHJIDF' 'AEBCGFDHJI' 'AEBHDIJCGF'
 'AEBHJICGFD' 'AEJHDBCGFI' 'AEIJGFCBDH' 'AEBHCFGJID' 'AEBGHDFCJI']
Fitness:
 [196 150 165 142 147 135 189 158 206 182]
FEROMONA:
+----------+----------+----------+----------+----------+----------+----------+----------+----------+----------+
|   0.0    | 0.050793 | 0.086367 | 0.043047 | 0.51099  | 0.055532 | 0.047667 | 0.043047 | 0.047689 | 0.043047 |
| 0.050793 |   0.0    | 0.450054 | 0.319012 | 0.278607 | 0.053904 | 0.054711 | 0.144586 | 0.057219 | 0.057031 |
| 0.086367 | 0.450054 |   0.0    | 0.049642 | 0.045251 | 0.114386 | 0.441264 | 0.053808 | 0.121742 | 0.083879 |
| 0.043047 | 0.319012 | 0.049642 |   0.0    | 0.056963 | 0.20586  | 0.067541 | 0.434721 | 0.09769  | 0.102844 |
| 0.51099  | 0.278607 | 0.045251 | 0.056963 |   0.0    |  0.0497  | 0.087904 | 0.046599 | 0.315004 | 0.065328 |
| 0.055532 | 0.053904 | 0.114386 | 0.20586  |  0.0497  |   0.0    | 0.444679 | 0.067546 | 0.136145 | 0.049541 |
| 0.047667 | 0.054711 | 0.441264 | 0.067541 | 0.087904 | 0.444679 |   0.0    | 0.154873 | 0.057773 | 0.073121 |
| 0.043047 | 0.144586 | 0.053808 | 0.434721 | 0.046599 | 0.067546 | 0.154873 |   0.0    | 0.060187 | 0.433316 |
| 0.047689 | 0.057219 | 0.121742 | 0.09769  | 0.315004 | 0.136145 | 0.057773 | 0.060187 |   0.0    | 0.543315 |
| 0.043047 | 0.057031 | 0.083879 | 0.102844 | 0.065328 | 0.049541 | 0.073121 | 0.433316 | 0.543315 |   0.0    |
+----------+----------+----------+----------+----------+----------+----------+----------+----------+----------+

GENERACIÓN  9 :

Población:
 ['ACGBJIEDHF' 'AEBDIJHGFC' 'AEBDHGFCJI' 'AEBHJICGFD' 'AEBCJIFGHD'
 'ACGJHDBEIF' 'AEIJHDBCGF' 'ABHDFGCJIE' 'AEIJBHGCFD' 'AEBCGHJIFD']
Fitness:
 [290 158 130 135 154 193 125 165 146 169]
FEROMONA:
+----------+----------+----------+----------+----------+----------+----------+----------+----------+----------+
|   0.0    | 0.051774 | 0.08636  | 0.038742 | 0.54858  | 0.049979 |  0.0429  | 0.038742 | 0.04292  | 0.038742 |
| 0.051774 |   0.0    | 0.465459 | 0.354314 | 0.289767 | 0.048513 | 0.052688 | 0.150445 | 0.051497 | 0.061625 |
| 0.08636  | 0.465459 |   0.0    | 0.044678 | 0.040726 | 0.123818 | 0.480001 | 0.048427 | 0.116975 | 0.095738 |
| 0.038742 | 0.354314 | 0.044678 |   0.0    | 0.054715 | 0.211508 | 0.060787 | 0.468125 | 0.09425  | 0.092559 |
| 0.54858  | 0.289767 | 0.040726 | 0.054715 |   0.0    | 0.04473  | 0.079113 | 0.041939 | 0.353043 | 0.058795 |
| 0.049979 | 0.048513 | 0.123818 | 0.211508 | 0.04473  |   0.0    | 0.482194 | 0.064239 | 0.140122 | 0.044587 |
|  0.0429  | 0.052688 | 0.480001 | 0.060787 | 0.079113 | 0.482194 |   0.0    | 0.172667 | 0.051996 | 0.07099  |
| 0.038742 | 0.150445 | 0.048427 | 0.468125 | 0.041939 | 0.064239 | 0.172667 |   0.0    | 0.054169 | 0.462819 |
| 0.04292  | 0.051497 | 0.116975 | 0.09425  | 0.353043 | 0.140122 | 0.051996 | 0.054169 |   0.0    | 0.587181 |
| 0.038742 | 0.061625 | 0.095738 | 0.092559 | 0.058795 | 0.044587 | 0.07099  | 0.462819 | 0.587181 |   0.0    |
+----------+----------+----------+----------+----------+----------+----------+----------+----------+----------+

GENERACIÓN  10 :

Población:
 ['AEJIBCGFDH' 'AEBDHJICGF' 'AEBHGFCIJD' 'AFGCBEIJHD' 'AEBCGFIJHD'
 'ACJHGEIFDB' 'AEBCGFDHJI' 'AEIJCBHDFG' 'AEIJBDHGFC' 'AEBCGFIJHD']
Fitness:
 [189 119 127 114 150 221 142 151 139 150]
El nuevo mejor es:  AFGCBEIJHD  con:  114
FEROMONA:
+----------+----------+----------+----------+----------+----------+----------+----------+----------+----------+
|   0.0    | 0.046597 | 0.082249 | 0.034868 | 0.549483 | 0.097613 | 0.03861  | 0.034868 | 0.038628 | 0.034868 |
| 0.046597 |   0.0    | 0.503834 | 0.339005 | 0.350075 | 0.043662 | 0.047419 | 0.149897 | 0.051639 | 0.062657 |
| 0.082249 | 0.503834 |   0.0    | 0.04021  | 0.036653 | 0.126505 | 0.518703 | 0.043585 | 0.121555 | 0.097311 |
| 0.034868 | 0.339005 | 0.04021  |   0.0    | 0.049243 | 0.213838 | 0.054708 | 0.521831 | 0.084825 | 0.091178 |
| 0.549483 | 0.350075 | 0.036653 | 0.049243 |   0.0    | 0.040257 | 0.075727 | 0.037745 | 0.388712 | 0.058206 |
| 0.097613 | 0.043662 | 0.126505 | 0.213838 | 0.040257 |   0.0    | 0.542367 | 0.057815 | 0.143968 | 0.040128 |
| 0.03861  | 0.047419 | 0.518703 | 0.054708 | 0.075727 | 0.542367 |   0.0    | 0.174994 | 0.046796 | 0.063891 |
| 0.034868 | 0.149897 | 0.043585 | 0.521831 | 0.037745 | 0.057815 | 0.174994 |   0.0    | 0.048752 | 0.502473 |
| 0.038628 | 0.051639 | 0.121555 | 0.084825 | 0.388712 | 0.143968 | 0.046796 | 0.048752 |   0.0    | 0.636855 |
| 0.034868 | 0.062657 | 0.097311 | 0.091178 | 0.058206 | 0.040128 | 0.063891 | 0.502473 | 0.636855 |   0.0    |
+----------+----------+----------+----------+----------+----------+----------+----------+----------+----------+

GENERACIÓN  11 :

Población:
 ['AEBCFJIGHD' 'AEBHJFCIDG' 'AEGCBDHJIF' 'AECBHDJIFG' 'AEBCFGJIDH'
 'AEBDHJICGF' 'AEBCGHJIFD' 'AEBHDFGCJI' 'AEBCHDJIFG' 'AEBHDFGCJI']
Fitness:
 [209 274 166 214 179 119 169 143 204 143]
FEROMONA:
+----------+----------+----------+----------+----------+----------+----------+----------+----------+----------+
|   0.0    | 0.041937 | 0.074024 | 0.031381 | 0.552461 | 0.131711 | 0.034749 | 0.031381 | 0.034765 | 0.031381 |
| 0.041937 |   0.0    | 0.529197 | 0.319532 | 0.406157 | 0.039296 | 0.042677 | 0.157216 | 0.046475 | 0.056391 |
| 0.074024 | 0.529197 |   0.0    | 0.036189 | 0.037661 | 0.127875 | 0.545023 | 0.044128 | 0.121452 | 0.101566 |
| 0.031381 | 0.319532 | 0.036189 |   0.0    | 0.044319 | 0.212357 | 0.052887 | 0.561867 | 0.085579 | 0.091635 |
| 0.552461 | 0.406157 | 0.037661 | 0.044319 |   0.0    | 0.036232 | 0.074178 | 0.033971 |  0.3937  | 0.052386 |
| 0.131711 | 0.039296 | 0.127875 | 0.212357 | 0.036232 |   0.0    | 0.56954  | 0.052034 | 0.151088 | 0.04455  |
| 0.034749 | 0.042677 | 0.545023 | 0.052887 | 0.074178 | 0.56954  |   0.0    | 0.168196 | 0.046901 | 0.063089 |
| 0.031381 | 0.157216 | 0.044128 | 0.561867 | 0.033971 | 0.052034 | 0.168196 |   0.0    | 0.043877 | 0.520079 |
| 0.034765 | 0.046475 | 0.121452 | 0.085579 |  0.3937  | 0.151088 | 0.046901 | 0.043877 |   0.0    | 0.671306 |
| 0.031381 | 0.056391 | 0.101566 | 0.091635 | 0.052386 | 0.04455  | 0.063089 | 0.520079 | 0.671306 |   0.0    |
+----------+----------+----------+----------+----------+----------+----------+----------+----------+----------+

GENERACIÓN  12 :

Población:
 ['AEBCIJHDFG' 'AEBCGFDHJI' 'AEBHJDGCFI' 'AEBHJICGFD' 'AEBCGFDHJI'
 'AEBCJIHGFD' 'AEBCGHDJIF' 'AEBHDFGCJI' 'AEGFBHDJIC' 'AFJIDBEGCH']
Fitness:
 [144 142 237 135 142 192 158 143 172 248]
FEROMONA:
+----------+----------+----------+----------+----------+----------+----------+----------+----------+----------+
|   0.0    | 0.037743 | 0.066621 | 0.028243 | 0.554215 | 0.166432 | 0.031274 | 0.028243 | 0.031289 | 0.028243 |
| 0.037743 |   0.0    | 0.552704 | 0.291611 | 0.464619 | 0.04118  | 0.038409 | 0.165928 | 0.041827 | 0.050752 |
| 0.066621 | 0.552704 |   0.0    | 0.03257  | 0.033895 | 0.119307 | 0.577446 | 0.043748 | 0.129473 | 0.103611 |
| 0.028243 | 0.291611 | 0.03257  |   0.0    | 0.039887 | 0.231759 | 0.051818 | 0.589705 | 0.081053 | 0.098834 |
| 0.554215 | 0.464619 | 0.033895 | 0.039887 |   0.0    | 0.032608 | 0.076607 | 0.030574 | 0.39819  | 0.047147 |
| 0.166432 | 0.04118  | 0.119307 | 0.231759 | 0.032608 |   0.0    | 0.602898 | 0.04683  | 0.146527 | 0.044127 |
| 0.031274 | 0.038409 | 0.577446 | 0.051818 | 0.076607 | 0.602898 |   0.0    | 0.162914 | 0.042211 | 0.05678  |
| 0.028243 | 0.165928 | 0.043748 | 0.589705 | 0.030574 | 0.04683  | 0.162914 |   0.0    | 0.044697 | 0.544587 |
| 0.031289 | 0.041827 | 0.129473 | 0.081053 | 0.39819  | 0.146527 | 0.042211 | 0.044697 |   0.0    | 0.704848 |
| 0.028243 | 0.050752 | 0.103611 | 0.098834 | 0.047147 | 0.044127 | 0.05678  | 0.544587 | 0.704848 |   0.0    |
+----------+----------+----------+----------+----------+----------+----------+----------+----------+----------+

GENERACIÓN  13 :

Población:
 ['AEBHJIFGCD' 'AEIJHDGCBF' 'AEBCIJHDFG' 'AEBCGFIJHD' 'AEBHJICGFD'
 'AEBCFGHDIJ' 'AEBCIJHDFG' 'AEBHDFIJCG' 'AEBDHJICFG' 'AEBDHJICGF']
Fitness:
 [218 202 144 150 135 142 144 176 128 119]
FEROMONA:
+----------+----------+----------+----------+----------+----------+----------+----------+----------+----------+
|   0.0    | 0.033969 | 0.059959 | 0.025419 | 0.565234 | 0.193648 | 0.028147 | 0.025419 | 0.02816  | 0.025419 |
| 0.033969 |   0.0    | 0.573841 | 0.278666 | 0.523507 | 0.042013 | 0.034568 | 0.167012 | 0.037645 | 0.045677 |
| 0.059959 | 0.573841 |   0.0    |  0.0339  | 0.030505 | 0.122231 | 0.601258 | 0.039373 | 0.154038 | 0.098932 |
| 0.025419 | 0.278666 |  0.0339  |   0.0    | 0.035898 | 0.235562 | 0.051586 | 0.62904  | 0.07999  | 0.08895  |
| 0.565234 | 0.523507 | 0.030505 | 0.035898 |   0.0    | 0.029348 | 0.068946 | 0.027516 | 0.407181 | 0.042432 |
| 0.193648 | 0.042013 | 0.122231 | 0.235562 | 0.029348 |   0.0    | 0.642276 | 0.042147 | 0.14881  | 0.039714 |
| 0.028147 | 0.034568 | 0.601258 | 0.051586 | 0.068946 | 0.642276 |   0.0    | 0.153665 | 0.03799  | 0.051102 |
| 0.025419 | 0.167012 | 0.039373 | 0.62904  | 0.027516 | 0.042147 | 0.153665 |   0.0    | 0.040228 | 0.587704 |
| 0.02816  | 0.037645 | 0.154038 | 0.07999  | 0.407181 | 0.14881  | 0.03799  | 0.040228 |   0.0    | 0.744664 |
| 0.025419 | 0.045677 | 0.098932 | 0.08895  | 0.042432 | 0.039714 | 0.051102 | 0.587704 | 0.744664 |   0.0    |
+----------+----------+----------+----------+----------+----------+----------+----------+----------+----------+

GENERACIÓN  14 :

Población:
 ['AEBDHJICGF' 'AEBCGFDHJI' 'AEBCIJDHGF' 'AEBCJHDFGI' 'AEBCIJGHDF'
 'AEBCGFDHJI' 'AEBCGFDHJI' 'AEBHGFDIJC' 'AFIJHDBEGC' 'AEIJHGFDBC']
Fitness:
 [119 142 127 207 158 142 142 175 164 153]
FEROMONA:
+----------+----------+----------+----------+----------+----------+----------+----------+----------+----------+
|   0.0    | 0.030572 | 0.053963 | 0.022877 | 0.569525 | 0.224241 | 0.025332 | 0.022877 | 0.025344 | 0.022877 |
| 0.030572 |   0.0    | 0.607014 | 0.271836 | 0.575392 | 0.037811 | 0.031112 | 0.156025 | 0.03388  | 0.041109 |
| 0.053963 | 0.607014 |   0.0    | 0.03051  | 0.027455 | 0.110008 | 0.620619 | 0.035435 | 0.16124  | 0.099584 |
| 0.022877 | 0.271836 | 0.03051  |   0.0    | 0.032309 | 0.256542 | 0.046428 | 0.664657 | 0.077706 | 0.087929 |
| 0.569525 | 0.575392 | 0.027455 | 0.032309 |   0.0    | 0.026413 | 0.068149 | 0.024765 | 0.416859 | 0.038189 |
| 0.224241 | 0.037811 | 0.110008 | 0.256542 | 0.026413 |   0.0    | 0.676393 | 0.037933 | 0.140027 | 0.035743 |
| 0.025332 | 0.031112 | 0.620619 | 0.046428 | 0.068149 | 0.676393 |   0.0    | 0.164752 | 0.039022 | 0.052321 |
| 0.022877 | 0.156025 | 0.035435 | 0.664657 | 0.024765 | 0.037933 | 0.164752 |   0.0    | 0.036205 | 0.619788 |
| 0.025344 | 0.03388  | 0.16124  | 0.077706 | 0.416859 | 0.140027 | 0.039022 | 0.036205 |   0.0    | 0.776138 |
| 0.022877 | 0.041109 | 0.099584 | 0.087929 | 0.038189 | 0.035743 | 0.052321 | 0.619788 | 0.776138 |   0.0    |
+----------+----------+----------+----------+----------+----------+----------+----------+----------+----------+

GENERACIÓN  15 :

Población:
 ['AEBDHJICGF' 'AFGCBHJIED' 'AEBCGFDHJI' 'AEBIJHGFCD' 'ACGEBDIHJF'
 'AEBCGFDHJI' 'ACGFDHJIEB' 'AEBHDJICGF' 'AEBCGHJIDF' 'AEBCHGFIJD']
Fitness:
 [119 186 142 220 276 142 149 124 165 198]
FEROMONA:
+----------+----------+----------+----------+----------+----------+----------+----------+----------+----------+
|   0.0    | 0.027515 | 0.058902 | 0.020589 | 0.558781 | 0.251053 | 0.022799 | 0.020589 | 0.022809 | 0.020589 |
| 0.027515 |   0.0    | 0.620744 | 0.256679 | 0.618256 | 0.03403  |  0.028   | 0.153863 | 0.035038 | 0.036998 |
| 0.058902 | 0.620744 |   0.0    | 0.032005 | 0.024709 | 0.103553 | 0.654741 | 0.036942 | 0.161584 | 0.089625 |
| 0.020589 | 0.256679 | 0.032005 |   0.0    | 0.034454 | 0.257745 | 0.041785 | 0.679315 | 0.079619 | 0.092251 |
| 0.558781 | 0.618256 | 0.024709 | 0.034454 |   0.0    | 0.023772 | 0.064957 | 0.022288 | 0.43112  | 0.03437  |
| 0.251053 | 0.03403  | 0.103553 | 0.257745 | 0.023772 |   0.0    | 0.70485  | 0.034139 | 0.131075 | 0.035792 |
| 0.022799 |  0.028   | 0.654741 | 0.041785 | 0.064957 | 0.70485  |   0.0    | 0.163933 | 0.03512  | 0.047089 |
| 0.020589 | 0.153863 | 0.036942 | 0.679315 | 0.022288 | 0.034139 | 0.163933 |   0.0    | 0.036208 | 0.650474 |
| 0.022809 | 0.035038 | 0.161584 | 0.079619 | 0.43112  | 0.131075 | 0.03512  | 0.036208 |   0.0    | 0.800681 |
| 0.020589 | 0.036998 | 0.089625 | 0.092251 | 0.03437  | 0.035792 | 0.047089 | 0.650474 | 0.800681 |   0.0    |
+----------+----------+----------+----------+----------+----------+----------+----------+----------+----------+

GENERACIÓN  16 :

Población:
 ['AEBCIJHGFD' 'AEIJHDFGCB' 'AFCGEBDHJI' 'AEBDHJICGF' 'AFGCBDHJIE'
 'AEBCGDHJIF' 'AEBCIJDHGF' 'AEBDHJICGF' 'AEIJHDBCGF' 'AEBDHGCIJF']
Fitness:
 [138 153 131 119 129 204 127 119 125 166]
FEROMONA:
+----------+----------+----------+----------+----------+----------+----------+----------+----------+----------+
|   0.0    | 0.024763 | 0.053011 | 0.01853  | 0.560292 | 0.285193 | 0.020519 | 0.01853  | 0.020528 | 0.01853  |
| 0.024763 |   0.0    | 0.644839 | 0.277227 | 0.650777 | 0.030627 |  0.0252  | 0.138477 | 0.031534 | 0.033299 |
| 0.053011 | 0.644839 |   0.0    | 0.028804 | 0.022238 | 0.100831 | 0.690781 | 0.033248 | 0.183377 | 0.080663 |
| 0.01853  | 0.277227 | 0.028804 |   0.0    | 0.031009 | 0.245753 | 0.042508 | 0.720771 | 0.071657 |  0.0909  |
| 0.560292 | 0.650777 | 0.022238 | 0.031009 |   0.0    | 0.021394 | 0.066095 | 0.020059 | 0.454156 | 0.030933 |
| 0.285193 | 0.030627 | 0.100831 | 0.245753 | 0.021394 |   0.0    | 0.732439 | 0.030725 | 0.122869 | 0.038237 |
| 0.020519 |  0.0252  | 0.690781 | 0.042508 | 0.066095 | 0.732439 |   0.0    | 0.168684 | 0.031608 | 0.04238  |
| 0.01853  | 0.138477 | 0.033248 | 0.720771 | 0.020059 | 0.030725 | 0.168684 |   0.0    | 0.032587 | 0.688163 |
| 0.020528 | 0.031534 | 0.183377 | 0.071657 | 0.454156 | 0.122869 | 0.031608 | 0.032587 |   0.0    | 0.837247 |
| 0.01853  | 0.033299 | 0.080663 |  0.0909  | 0.030933 | 0.038237 | 0.04238  | 0.688163 | 0.837247 |   0.0    |
+----------+----------+----------+----------+----------+----------+----------+----------+----------+----------+

GENERACIÓN  17 :

Población:
 ['AEBCGFDHJI' 'AEIJCBHDFG' 'AFGHJIEBDC' 'AEBCIJHDGF' 'AFGCBEIJHD'
 'AEBCFGHDJI' 'AEBCIJHGFD' 'AEBCGHJIFD' 'AEBCIJHDFG' 'AEBCGHDFIJ']
Fitness:
 [142 151 194 173 114 134 138 169 144 162]
FEROMONA:
+----------+----------+----------+----------+----------+----------+----------+----------+----------+----------+
|   0.0    | 0.022287 | 0.04771  | 0.016677 | 0.557452 | 0.31446  | 0.018467 | 0.016677 | 0.018476 | 0.016677 |
| 0.022287 |   0.0    | 0.686176 | 0.254659 | 0.690051 | 0.027564 | 0.02268  | 0.131252 | 0.02838  | 0.029969 |
| 0.04771  | 0.686176 |   0.0    | 0.031078 | 0.020014 | 0.098211 | 0.693467 | 0.029923 | 0.185011 | 0.079219 |
| 0.016677 | 0.254659 | 0.031078 |   0.0    | 0.027908 | 0.261123 | 0.044038 | 0.741351 | 0.064491 | 0.089273 |
| 0.557452 | 0.690051 | 0.020014 | 0.027908 |   0.0    | 0.019255 | 0.059486 | 0.018054 | 0.473149 | 0.02784  |
| 0.31446  | 0.027564 | 0.098211 | 0.261123 | 0.019255 |   0.0    | 0.75808  | 0.027653 | 0.122672 | 0.034413 |
| 0.018467 | 0.02268  | 0.693467 | 0.044038 | 0.059486 | 0.75808  |   0.0    | 0.183769 | 0.028447 | 0.038142 |
| 0.016677 | 0.131252 | 0.029923 | 0.741351 | 0.018054 | 0.027653 | 0.183769 |   0.0    | 0.029328 | 0.710063 |
| 0.018476 | 0.02838  | 0.185011 | 0.064491 | 0.473149 | 0.122672 | 0.028447 | 0.029328 |   0.0    | 0.864497 |
| 0.016677 | 0.029969 | 0.079219 | 0.089273 | 0.02784  | 0.034413 | 0.038142 | 0.710063 | 0.864497 |   0.0    |
+----------+----------+----------+----------+----------+----------+----------+----------+----------+----------+

GENERACIÓN  18 :

Población:
 ['AEIJHGCBDF' 'AEBCGFDHJI' 'AIEBHDFGCJ' 'AEBCGFDHJI' 'AEBCGHJIFD'
 'AFGCIJHDBE' 'AEBCIJHDFG' 'AEBCJIFGHD' 'AEICGHDFBJ' 'AEBCJHDIFG']
Fitness:
 [144 142 159 142 169 123 144 154 183 208]
FEROMONA:
+----------+----------+----------+----------+----------+----------+----------+----------+----------+----------+
|   0.0    | 0.020058 | 0.042939 | 0.015009 | 0.552363 | 0.335003 | 0.01662  | 0.015009 | 0.022917 | 0.015009 |
| 0.020058 |   0.0    | 0.706609 | 0.244268 | 0.717573 | 0.030272 | 0.020412 | 0.124416 | 0.025542 | 0.032436 |
| 0.042939 | 0.706609 |   0.0    | 0.027971 | 0.018013 | 0.08839  | 0.71481  | 0.026931 | 0.187048 | 0.088888 |
| 0.015009 | 0.244268 | 0.027971 |   0.0    | 0.025117 | 0.280655 | 0.039634 | 0.76329  | 0.06285  | 0.080346 |
| 0.552363 | 0.717573 | 0.018013 | 0.025117 |   0.0    | 0.017329 | 0.053537 | 0.016248 | 0.488392 | 0.025056 |
| 0.335003 | 0.030272 | 0.08839  | 0.280655 | 0.017329 |   0.0    | 0.772881 | 0.024888 | 0.127623 | 0.030972 |
| 0.01662  | 0.020412 | 0.71481  | 0.039634 | 0.053537 | 0.772881 |   0.0    | 0.190212 | 0.025602 | 0.034328 |
| 0.015009 | 0.124416 | 0.026931 | 0.76329  | 0.016248 | 0.024888 | 0.190212 |   0.0    | 0.026395 | 0.729745 |
| 0.022917 | 0.025542 | 0.187048 | 0.06285  | 0.488392 | 0.127623 | 0.025602 | 0.026395 |   0.0    | 0.870421 |
| 0.015009 | 0.032436 | 0.088888 | 0.080346 | 0.025056 | 0.030972 | 0.034328 | 0.729745 | 0.870421 |   0.0    |
+----------+----------+----------+----------+----------+----------+----------+----------+----------+----------+

GENERACIÓN  19 :

Población:
 ['ADHGCBEIJF' 'AEBDHGCIJF' 'AEBCGHDFJI' 'AFGIEBCHJD' 'AEBCGFDHJI'
 'ACGFDHJIEB' 'AEIJHBCGFD' 'AEBCGHDJIF' 'AEBHDFGCIJ' 'AEBCFGHJID']
Fitness:
 [179 166 189 223 142 149 141 158 128 149]
FEROMONA:
+----------+----------+----------+----------+----------+----------+----------+----------+----------+----------+
|   0.0    | 0.018053 | 0.045357 | 0.019095 | 0.543429 | 0.349847 | 0.014958 | 0.013509 | 0.020626 | 0.013509 |
| 0.018053 |   0.0    | 0.722345 | 0.225865 | 0.745668 | 0.027245 | 0.018371 | 0.126879 | 0.022988 | 0.029193 |
| 0.045357 | 0.722345 |   0.0    | 0.025174 | 0.016212 | 0.086262 | 0.739077 | 0.028722 | 0.18218  | 0.079999 |
| 0.019095 | 0.225865 | 0.025174 |   0.0    | 0.022605 | 0.286539 | 0.035671 | 0.775617 | 0.063276 | 0.083124 |
| 0.543429 | 0.745668 | 0.016212 | 0.022605 |   0.0    | 0.015597 | 0.048183 | 0.014623 | 0.507287 | 0.02255  |
| 0.349847 | 0.027245 | 0.086262 | 0.286539 | 0.015597 |   0.0    | 0.779307 | 0.022399 | 0.12119  | 0.044776 |
| 0.014958 | 0.018371 | 0.739077 | 0.035671 | 0.048183 | 0.779307 |   0.0    | 0.201133 | 0.027526 | 0.030895 |
| 0.013509 | 0.126879 | 0.028722 | 0.775617 | 0.014623 | 0.022399 | 0.201133 |   0.0    | 0.023756 | 0.732672 |
| 0.020626 | 0.022988 | 0.18218  | 0.063276 | 0.507287 | 0.12119  | 0.027526 | 0.023756 |   0.0    | 0.885839 |
| 0.013509 | 0.029193 | 0.079999 | 0.083124 | 0.02255  | 0.044776 | 0.030895 | 0.732672 | 0.885839 |   0.0    |
+----------+----------+----------+----------+----------+----------+----------+----------+----------+----------+

GENERACIÓN  20 :

Población:
 ['AEBHJICGFD' 'AEBCHJIDFG' 'AFGCBEIJHD' 'AEBHJICGFD' 'AEBHDFGCIJ'
 'AEBHDFGCIJ' 'AEIJHCBDFG' 'AEBHJICGFD' 'AEBCGHDFIJ' 'AFGDBCIJHE']
Fitness:
 [135 211 114 135 128 128 190 135 162 261]
FEROMONA:
+----------+----------+----------+----------+----------+----------+----------+----------+----------+----------+
|   0.0    | 0.016247 | 0.040821 | 0.017186 | 0.543109 | 0.371325 | 0.013463 | 0.012158 | 0.018563 | 0.012158 |
| 0.016247 |   0.0    | 0.722749 | 0.212373 | 0.772492 | 0.024521 | 0.016534 | 0.152038 | 0.020689 | 0.026273 |
| 0.040821 | 0.722749 |   0.0    | 0.022656 | 0.014591 | 0.077636 | 0.761821 | 0.035853 | 0.205641 | 0.071999 |
| 0.017186 | 0.212373 | 0.022656 |   0.0    | 0.020345 | 0.311908 | 0.035935 | 0.772485 | 0.061688 | 0.074812 |
| 0.543109 | 0.772492 | 0.014591 | 0.020345 |   0.0    | 0.014037 | 0.043365 | 0.016992 | 0.514453 | 0.020295 |
| 0.371325 | 0.024521 | 0.077636 | 0.311908 | 0.014037 |   0.0    | 0.805689 | 0.020159 | 0.115244 | 0.040299 |
| 0.013463 | 0.016534 | 0.761821 | 0.035935 | 0.043365 | 0.805689 |   0.0    | 0.187193 | 0.024774 | 0.027805 |
| 0.012158 | 0.152038 | 0.035853 | 0.772485 | 0.016992 | 0.020159 | 0.187193 |   0.0    | 0.02138  | 0.748092 |
| 0.018563 | 0.020689 | 0.205641 | 0.061688 | 0.514453 | 0.115244 | 0.024774 | 0.02138  |   0.0    | 0.907741 |
| 0.012158 | 0.026273 | 0.071999 | 0.074812 | 0.020295 | 0.040299 | 0.027805 | 0.748092 | 0.907741 |   0.0    |
+----------+----------+----------+----------+----------+----------+----------+----------+----------+----------+

GENERACIÓN  21 :

Población:
 ['AFDHGCIJBE' 'AEBCGFDHJI' 'AEIJHDBCGF' 'AEBCIJHGFD' 'AEIJHBCGFD'
 'AEBCJIFGHD' 'AEBCGFDHJI' 'AEIJHDBCGF' 'AFGHDBEIJC' 'AEBCGFDHJI']
Fitness:
 [144 142 125 138 141 154 142 125 127 142]
FEROMONA:
+----------+----------+----------+----------+----------+----------+----------+----------+----------+----------+
|   0.0    | 0.014623 | 0.036739 | 0.015467 | 0.546757 | 0.392871 | 0.012116 | 0.010942 | 0.016707 | 0.010942 |
| 0.014623 |   0.0    | 0.752292 | 0.21501  | 0.788787 | 0.022069 | 0.014881 | 0.143927 | 0.01862  | 0.030591 |
| 0.036739 | 0.752292 |   0.0    | 0.020391 | 0.013131 | 0.069872 | 0.780662 | 0.032267 | 0.199268 | 0.079167 |
| 0.015467 | 0.21501  | 0.020391 |   0.0    | 0.01831  | 0.323127 | 0.032342 | 0.797535 | 0.055519 | 0.067331 |
| 0.546757 | 0.788787 | 0.013131 | 0.01831  |   0.0    | 0.012633 | 0.039029 | 0.015293 | 0.537833 | 0.018266 |
| 0.392871 | 0.022069 | 0.069872 | 0.323127 | 0.012633 |   0.0    | 0.834813 | 0.018143 | 0.110213 | 0.036269 |
| 0.012116 | 0.014881 | 0.780662 | 0.032342 | 0.039029 | 0.834813 |   0.0    | 0.197032 | 0.022296 | 0.025025 |
| 0.010942 | 0.143927 | 0.032267 | 0.797535 | 0.015293 | 0.018143 | 0.197032 |   0.0    | 0.019242 | 0.768608 |
| 0.016707 | 0.01862  | 0.199268 | 0.055519 | 0.537833 | 0.110213 | 0.022296 | 0.019242 |   0.0    | 0.933604 |
| 0.010942 | 0.030591 | 0.079167 | 0.067331 | 0.018266 | 0.036269 | 0.025025 | 0.768608 | 0.933604 |   0.0    |
+----------+----------+----------+----------+----------+----------+----------+----------+----------+----------+

GENERACIÓN  22 :

Población:
 ['AEBHDCGFIJ' 'AEBDHGCJIF' 'AEIJHDBCGF' 'AEBCGHDIJF' 'AEBCGFDHJI'
 'AEBGCDHJIF' 'AEIJHDBCGF' 'AEBHDGCIJF' 'AEBCGHJIFD' 'AEBCIJHDFG']
Fitness:
 [211 154 125 193 142 254 125 217 169 144]
FEROMONA:
+----------+----------+----------+----------+----------+----------+----------+----------+----------+----------+
|   0.0    | 0.01316  | 0.033065 | 0.01392  | 0.552944 | 0.397443 | 0.010905 | 0.009848 | 0.015036 | 0.009848 |
| 0.01316  |   0.0    | 0.762008 | 0.216002 | 0.798632 | 0.019862 | 0.01733  | 0.138882 | 0.016758 | 0.027531 |
| 0.033065 | 0.762008 |   0.0    | 0.027028 | 0.011818 | 0.062885 | 0.800375 | 0.029041 | 0.190894 | 0.077743 |
| 0.01392  | 0.216002 | 0.027028 |   0.0    | 0.016479 | 0.310718 | 0.033716 | 0.816587 | 0.055149 | 0.060598 |
| 0.552944 | 0.798632 | 0.011818 | 0.016479 |   0.0    | 0.01137  | 0.035126 | 0.013764 | 0.54391  | 0.016439 |
| 0.397443 | 0.019862 | 0.062885 | 0.310718 | 0.01137  |   0.0    | 0.829917 | 0.016329 | 0.120279 | 0.042432 |
| 0.010905 | 0.01733  | 0.800375 | 0.033716 | 0.035126 | 0.829917 |   0.0    | 0.194921 | 0.020067 | 0.022522 |
| 0.009848 | 0.138882 | 0.029041 | 0.816587 | 0.013764 | 0.016329 | 0.194921 |   0.0    | 0.017318 | 0.775448 |
| 0.015036 | 0.016758 | 0.190894 | 0.055149 | 0.54391  | 0.120279 | 0.020067 | 0.017318 |   0.0    | 0.944966 |
| 0.009848 | 0.027531 | 0.077743 | 0.060598 | 0.016439 | 0.042432 | 0.022522 | 0.775448 | 0.944966 |   0.0    |
+----------+----------+----------+----------+----------+----------+----------+----------+----------+----------+

GENERACIÓN  23 :

Población:
 ['AEBCGIJHDF' 'AEBHJIFGCD' 'AEIJCGFBHD' 'AFGCIJHDBE' 'AEBCGHDJIF'
 'AEBCGFDHJI' 'AFGHBEIJCD' 'ACBEIJHDGF' 'AFIJHDEBCG' 'AEBHDFGCIJ']
Fitness:
 [178 218 149 123 158 142 186 175 220 128]
FEROMONA:
+----------+----------+----------+----------+----------+----------+----------+----------+----------+----------+
|   0.0    | 0.011844 | 0.035473 | 0.012528 | 0.53575  | 0.419611 | 0.009814 | 0.008863 | 0.013532 | 0.008863 |
| 0.011844 |   0.0    | 0.758916 | 0.202532 | 0.817783 | 0.024587 | 0.015597 | 0.149481 | 0.015083 | 0.024778 |
| 0.035473 | 0.758916 |   0.0    | 0.034289 | 0.010637 | 0.056596 | 0.814973 | 0.026136 | 0.187747 | 0.082057 |
| 0.012528 | 0.202532 | 0.034289 |   0.0    | 0.019377 | 0.300119 | 0.036058 | 0.830691 | 0.049634 | 0.060867 |
| 0.53575  | 0.817783 | 0.010637 | 0.019377 |   0.0    | 0.010233 | 0.031613 | 0.012387 | 0.55118  | 0.014795 |
| 0.419611 | 0.024587 | 0.056596 | 0.300119 | 0.010233 |   0.0    | 0.836159 | 0.014696 | 0.123713 | 0.038188 |
| 0.009814 | 0.015597 | 0.814973 | 0.036058 | 0.031613 | 0.836159 |   0.0    | 0.187134 | 0.023678 | 0.02027  |
| 0.008863 | 0.149481 | 0.026136 | 0.830691 | 0.012387 | 0.014696 | 0.187134 |   0.0    | 0.015586 |  0.7774  |
| 0.013532 | 0.015083 | 0.187747 | 0.049634 | 0.55118  | 0.123713 | 0.023678 | 0.015586 |   0.0    | 0.956196 |
| 0.008863 | 0.024778 | 0.082057 | 0.060867 | 0.014795 | 0.038188 | 0.02027  |  0.7774  | 0.956196 |   0.0    |
+----------+----------+----------+----------+----------+----------+----------+----------+----------+----------+

GENERACIÓN  24 :

Población:
 ['AEIJHBCGFD' 'AEBCGFDHJI' 'AEBDHJICGF' 'AEBCGFDHJI' 'AEBDFGCIJH'
 'AFGCBEIJHD' 'AEBCGHJIDF' 'AFGCBEIJHD' 'AEBCGHDFIJ' 'AFGCBEIJHD']
Fitness:
 [141 142 119 142 148 114 165 114 162 114]
FEROMONA:
+----------+----------+----------+----------+----------+----------+----------+----------+----------+----------+
|   0.0    | 0.01066  | 0.031926 | 0.011275 | 0.530746 | 0.447825 | 0.008833 | 0.007977 | 0.012179 | 0.007977 |
| 0.01066  |   0.0    | 0.78661  | 0.197439 | 0.847659 | 0.022128 | 0.014037 | 0.141625 | 0.013574 |  0.0223  |
| 0.031926 | 0.78661  |   0.0    | 0.03086  | 0.009573 | 0.050937 | 0.852221 | 0.023523 | 0.184132 | 0.073851 |
| 0.011275 | 0.197439 | 0.03086  |   0.0    | 0.017439 | 0.310274 | 0.032453 | 0.846458 | 0.050731 | 0.05478  |
| 0.530746 | 0.847659 | 0.009573 | 0.017439 |   0.0    | 0.00921  | 0.028452 | 0.011149 | 0.57333  | 0.013316 |
| 0.447825 | 0.022128 | 0.050937 | 0.310274 | 0.00921  |   0.0    | 0.859055 | 0.013226 | 0.117514 | 0.03437  |
