Los caminos:
 [[ 0 12  3 23  1  5 23 56 12 11]
 [12  0  9 18  3 41 45  5 41 27]
 [ 3  9  0 89 56 21 12 48 14 29]
 [23 18 89  0 87 46 75 17 50 42]
 [ 1  3 56 87  0 55 22 86 14 33]
 [ 5 41 21 46 55  0 21 76 54 81]
 [23 45 12 75 22 21  0 11 57 48]
 [56  5 48 17 86 76 11  0 63 24]
 [12 41 14 50 14 54 57 63  0  9]
 [11 27 29 42 33 81 48 24  9  0]]

COMIENZO PROCESO:  23-05-2019 14:44:05

Feromona Inicial:
 [[0.  0.1 0.1 0.1 0.1 0.1 0.1 0.1 0.1 0.1]
 [0.1 0.  0.1 0.1 0.1 0.1 0.1 0.1 0.1 0.1]
 [0.1 0.1 0.  0.1 0.1 0.1 0.1 0.1 0.1 0.1]
 [0.1 0.1 0.1 0.  0.1 0.1 0.1 0.1 0.1 0.1]
 [0.1 0.1 0.1 0.1 0.  0.1 0.1 0.1 0.1 0.1]
 [0.1 0.1 0.1 0.1 0.1 0.  0.1 0.1 0.1 0.1]
 [0.1 0.1 0.1 0.1 0.1 0.1 0.  0.1 0.1 0.1]
 [0.1 0.1 0.1 0.1 0.1 0.1 0.1 0.  0.1 0.1]
 [0.1 0.1 0.1 0.1 0.1 0.1 0.1 0.1 0.  0.1]
 [0.1 0.1 0.1 0.1 0.1 0.1 0.1 0.1 0.1 0. ]]

Visibilidad:
 [[0, 0.08333333333333333, 0.3333333333333333, 0.043478260869565216, 1.0, 0.2, 0.043478260869565216, 0.017857142857142856, 0.08333333333333333, 0.09090909090909091], [0.08333333333333333, 0, 0.1111111111111111, 0.05555555555555555, 0.3333333333333333, 0.024390243902439025, 0.022222222222222223, 0.2, 0.024390243902439025, 0.037037037037037035], [0.3333333333333333, 0.1111111111111111, 0, 0.011235955056179775, 0.017857142857142856, 0.047619047619047616, 0.08333333333333333, 0.020833333333333332, 0.07142857142857142, 0.034482758620689655], [0.043478260869565216, 0.05555555555555555, 0.011235955056179775, 0, 0.011494252873563218, 0.021739130434782608, 0.013333333333333334, 0.058823529411764705, 0.02, 0.023809523809523808], [1.0, 0.3333333333333333, 0.017857142857142856, 0.011494252873563218, 0, 0.01818181818181818, 0.045454545454545456, 0.011627906976744186, 0.07142857142857142, 0.030303030303030304], [0.2, 0.024390243902439025, 0.047619047619047616, 0.021739130434782608, 0.01818181818181818, 0, 0.047619047619047616, 0.013157894736842105, 0.018518518518518517, 0.012345679012345678], [0.043478260869565216, 0.022222222222222223, 0.08333333333333333, 0.013333333333333334, 0.045454545454545456, 0.047619047619047616, 0, 0.09090909090909091, 0.017543859649122806, 0.020833333333333332], [0.017857142857142856, 0.2, 0.020833333333333332, 0.058823529411764705, 0.011627906976744186, 0.013157894736842105, 0.09090909090909091, 0, 0.015873015873015872, 0.041666666666666664], [0.08333333333333333, 0.024390243902439025, 0.07142857142857142, 0.02, 0.07142857142857142, 0.018518518518518517, 0.017543859649122806, 0.015873015873015872, 0, 0.1111111111111111], [0.09090909090909091, 0.037037037037037035, 0.034482758620689655, 0.023809523809523808, 0.030303030303030304, 0.012345679012345678, 0.020833333333333332, 0.041666666666666664, 0.1111111111111111, 0]]

GENERACIÓN  1 :

Población:
 ['AEBHGIJCDF' 'AEFBJICHGD' 'ACHJFDBEGI' 'AEBDHGFCIJ' 'AEBCIJHGFD'
 'AGHEBCIJFD' 'AEIFGCJBHD' 'AJIECBDGHF' 'ACFBHDIJEG' 'AEBCFHJIDG']
Fitness:
 [250 281 302 115 138 282 180 279 201 268]
El nuevo mejor es:  AEBDHGFCIJ  con:  115
FEROMONA:
+----------+----------+----------+----------+----------+----------+----------+----------+----------+----------+
|   0.0    |  0.001   | 0.009286 |  0.001   | 0.077266 |  0.001   | 0.004546 |  0.001   |  0.001   | 0.004584 |
|  0.001   |   0.0    | 0.019108 | 0.060069 | 0.075009 | 0.009534 |  0.001   | 0.015531 |  0.001   | 0.010114 |
| 0.009286 | 0.019108 |   0.0    |  0.005   | 0.004584 | 0.06188  | 0.006556 | 0.00787  | 0.067525 | 0.010556 |
|  0.001   | 0.060069 |  0.005   |   0.0    |  0.001   | 0.019104 | 0.011874 | 0.063705 | 0.009706 |  0.001   |
| 0.077266 | 0.075009 | 0.004584 |  0.001   |   0.0    | 0.004559 | 0.009286 | 0.004546 | 0.01014  | 0.005975 |
|  0.001   | 0.009534 | 0.06188  | 0.019104 | 0.004559 |   0.0    | 0.065976 | 0.008316 | 0.006556 | 0.007857 |
| 0.004546 |  0.001   | 0.006556 | 0.011874 | 0.009286 | 0.065976 |   0.0    | 0.075109 | 0.008311 |  0.001   |
|  0.001   | 0.015531 | 0.00787  | 0.063705 | 0.004546 | 0.008316 | 0.075109 |   0.0    |  0.001   | 0.015289 |
|  0.001   |  0.001   | 0.067525 | 0.009706 | 0.01014  | 0.006556 | 0.008311 |  0.001   |   0.0    | 0.083816 |
| 0.004584 | 0.010114 | 0.010556 |  0.001   | 0.005975 | 0.007857 |  0.001   | 0.015289 | 0.083816 |   0.0    |
+----------+----------+----------+----------+----------+----------+----------+----------+----------+----------+

GENERACIÓN  2 :

Población:
 ['AEBDHGFCIJ' 'AEBCFGHDIJ' 'AEBDHGFCIJ' 'AEBHDCIJFG' 'AEBDHGFCIJ'
 'AEBDHGFCIJ' 'AEBDHGFCIJ' 'AEBDHGFCIJ' 'AEBDHGFCIJ' 'AEBDHGFCIJ']
Fitness:
 [115 142 115 240 115 115 115 115 115 115]
FEROMONA:
+----------+----------+----------+----------+----------+----------+----------+----------+----------+----------+
|   0.0    |  1e-05   | 9.3e-05  |  1e-05   | 0.125025 |  1e-05   | 4.5e-05  |  1e-05   |  1e-05   | 4.6e-05  |
|  1e-05   |   0.0    | 0.007233 | 0.113644 | 0.125002 | 9.5e-05  |  1e-05   | 0.004322 |  1e-05   | 0.000101 |
| 9.3e-05  | 0.007233 |   0.0    | 0.004217 | 4.6e-05  | 0.120705 | 6.6e-05  | 7.9e-05  | 0.117885 | 0.000106 |
|  1e-05   | 0.113644 | 0.004217 |   0.0    |  1e-05   | 0.000191 | 0.000119 | 0.124889 | 0.007139 |  1e-05   |
| 0.125025 | 0.125002 | 4.6e-05  |  1e-05   |   0.0    | 4.6e-05  | 9.3e-05  | 4.5e-05  | 0.000101 |  6e-05   |
|  1e-05   | 9.5e-05  | 0.120705 | 0.000191 | 4.6e-05  |   0.0    | 0.124912 | 8.3e-05  | 6.6e-05  | 0.004245 |
| 4.5e-05  |  1e-05   | 6.6e-05  | 0.000119 | 9.3e-05  | 0.124912 |   0.0    | 0.120837 | 8.3e-05  |  1e-05   |
|  1e-05   | 0.004322 | 7.9e-05  | 0.124889 | 4.5e-05  | 8.3e-05  | 0.120837 |   0.0    |  1e-05   | 0.000153 |
|  1e-05   |  1e-05   | 0.117885 | 0.007139 | 0.000101 | 6.6e-05  | 8.3e-05  |  1e-05   |   0.0    | 0.125091 |
| 4.6e-05  | 0.000101 | 0.000106 |  1e-05   |  6e-05   | 0.004245 |  1e-05   | 0.000153 | 0.125091 |   0.0    |
+----------+----------+----------+----------+----------+----------+----------+----------+----------+----------+

GENERACIÓN  3 :

Población:
 ['AEBDHGFCIJ' 'AEBDHGFCIJ' 'AEBDHGFCIJ' 'AEBDHGFCIJ' 'AEBDHGFCIJ'
 'AEBDHGFCIJ' 'AEBDHGFCIJ' 'AEBDHGFCIJ' 'AEBDHGFCIJ' 'AEBDHGFCIJ']
Fitness:
 [115 115 115 115 115 115 115 115 115 115]
FEROMONA:
+----------+----------+----------+----------+----------+----------+----------+----------+----------+----------+
|   0.0    |   0.0    |  1e-06   |   0.0    | 0.131685 |   0.0    |   0.0    |   0.0    |   0.0    |   0.0    |
|   0.0    |   0.0    | 7.2e-05  | 0.131571 | 0.131685 |  1e-06   |   0.0    | 4.3e-05  |   0.0    |  1e-06   |
|  1e-06   | 7.2e-05  |   0.0    | 4.2e-05  |   0.0    | 0.131642 |  1e-06   |  1e-06   | 0.131614 |  1e-06   |
|   0.0    | 0.131571 | 4.2e-05  |   0.0    |   0.0    |  2e-06   |  1e-06   | 0.131684 | 7.1e-05  |   0.0    |
| 0.131685 | 0.131685 |   0.0    |   0.0    |   0.0    |   0.0    |  1e-06   |   0.0    |  1e-06   |  1e-06   |
|   0.0    |  1e-06   | 0.131642 |  2e-06   |   0.0    |   0.0    | 0.131684 |  1e-06   |  1e-06   | 4.2e-05  |
|   0.0    |   0.0    |  1e-06   |  1e-06   |  1e-06   | 0.131684 |   0.0    | 0.131643 |  1e-06   |   0.0    |
|   0.0    | 4.3e-05  |  1e-06   | 0.131684 |   0.0    |  1e-06   | 0.131643 |   0.0    |   0.0    |  2e-06   |
|   0.0    |   0.0    | 0.131614 | 7.1e-05  |  1e-06   |  1e-06   |  1e-06   |   0.0    |   0.0    | 0.131686 |
|   0.0    |  1e-06   |  1e-06   |   0.0    |  1e-06   | 4.2e-05  |   0.0    |  2e-06   | 0.131686 |   0.0    |
+----------+----------+----------+----------+----------+----------+----------+----------+----------+----------+

GENERACIÓN  4 :

Población:
 ['AEBDHGFCIJ' 'AEBDHGFCIJ' 'AEBDHGFCIJ' 'AEBDHGFCIJ' 'AEBDHGFCIJ'
 'AEBDHGFCIJ' 'AEBDHGFCIJ' 'AEBDHGFCIJ' 'AEBDHGFCIJ' 'AEBDHGFCIJ']
Fitness:
 [115 115 115 115 115 115 115 115 115 115]
FEROMONA:
+----------+----------+----------+----------+----------+----------+----------+----------+----------+----------+
|   0.0    |   0.0    |   0.0    |   0.0    | 0.131752 |   0.0    |   0.0    |   0.0    |   0.0    |   0.0    |
|   0.0    |   0.0    |  1e-06   | 0.13175  | 0.131752 |   0.0    |   0.0    |   0.0    |   0.0    |   0.0    |
|   0.0    |  1e-06   |   0.0    |   0.0    |   0.0    | 0.131751 |   0.0    |   0.0    | 0.131751 |   0.0    |
|   0.0    | 0.13175  |   0.0    |   0.0    |   0.0    |   0.0    |   0.0    | 0.131752 |  1e-06   |   0.0    |
| 0.131752 | 0.131752 |   0.0    |   0.0    |   0.0    |   0.0    |   0.0    |   0.0    |   0.0    |   0.0    |
|   0.0    |   0.0    | 0.131751 |   0.0    |   0.0    |   0.0    | 0.131752 |   0.0    |   0.0    |   0.0    |
|   0.0    |   0.0    |   0.0    |   0.0    |   0.0    | 0.131752 |   0.0    | 0.131751 |   0.0    |   0.0    |
|   0.0    |   0.0    |   0.0    | 0.131752 |   0.0    |   0.0    | 0.131751 |   0.0    |   0.0    |   0.0    |
|   0.0    |   0.0    | 0.131751 |  1e-06   |   0.0    |   0.0    |   0.0    |   0.0    |   0.0    | 0.131752 |
|   0.0    |   0.0    |   0.0    |   0.0    |   0.0    |   0.0    |   0.0    |   0.0    | 0.131752 |   0.0    |
+----------+----------+----------+----------+----------+----------+----------+----------+----------+----------+

GENERACIÓN  5 :

Población:
 ['AEBDHGFCIJ' 'AEBDHGFCIJ' 'AEBDHGFCIJ' 'AEBDHGFCIJ' 'AEBDHGFCIJ'
 'AEBDHGFCIJ' 'AEBDHGFCIJ' 'AEBDHGFCIJ' 'AEBDHGFCIJ' 'AEBDHGFCIJ']
Fitness:
 [115 115 115 115 115 115 115 115 115 115]
FEROMONA:
+----------+----------+----------+----------+----------+----------+----------+----------+----------+----------+
|   0.0    |   0.0    |   0.0    |   0.0    | 0.131752 |   0.0    |   0.0    |   0.0    |   0.0    |   0.0    |
|   0.0    |   0.0    |   0.0    | 0.131752 | 0.131752 |   0.0    |   0.0    |   0.0    |   0.0    |   0.0    |
|   0.0    |   0.0    |   0.0    |   0.0    |   0.0    | 0.131752 |   0.0    |   0.0    | 0.131752 |   0.0    |
|   0.0    | 0.131752 |   0.0    |   0.0    |   0.0    |   0.0    |   0.0    | 0.131752 |   0.0    |   0.0    |
| 0.131752 | 0.131752 |   0.0    |   0.0    |   0.0    |   0.0    |   0.0    |   0.0    |   0.0    |   0.0    |
|   0.0    |   0.0    | 0.131752 |   0.0    |   0.0    |   0.0    | 0.131752 |   0.0    |   0.0    |   0.0    |
|   0.0    |   0.0    |   0.0    |   0.0    |   0.0    | 0.131752 |   0.0    | 0.131752 |   0.0    |   0.0    |
|   0.0    |   0.0    |   0.0    | 0.131752 |   0.0    |   0.0    | 0.131752 |   0.0    |   0.0    |   0.0    |
|   0.0    |   0.0    | 0.131752 |   0.0    |   0.0    |   0.0    |   0.0    |   0.0    |   0.0    | 0.131752 |
|   0.0    |   0.0    |   0.0    |   0.0    |   0.0    |   0.0    |   0.0    |   0.0    | 0.131752 |   0.0    |
+----------+----------+----------+----------+----------+----------+----------+----------+----------+----------+

GENERACIÓN  6 :

Población:
 ['AEBDHGFCIJ' 'AEBDHGFCIJ' 'AEBDHGFCIJ' 'AEBDHGFCIJ' 'AEBDHGFCIJ'
 'AEBDHGFCIJ' 'AEBDHGFCIJ' 'AEBDHGFCIJ' 'AEBDHGFCIJ' 'AEBDHGFCIJ']
Fitness:
 [115 115 115 115 115 115 115 115 115 115]
FEROMONA:
+----------+----------+----------+----------+----------+----------+----------+----------+----------+----------+
|   0.0    |   0.0    |   0.0    |   0.0    | 0.131752 |   0.0    |   0.0    |   0.0    |   0.0    |   0.0    |
|   0.0    |   0.0    |   0.0    | 0.131752 | 0.131752 |   0.0    |   0.0    |   0.0    |   0.0    |   0.0    |
|   0.0    |   0.0    |   0.0    |   0.0    |   0.0    | 0.131752 |   0.0    |   0.0    | 0.131752 |   0.0    |
|   0.0    | 0.131752 |   0.0    |   0.0    |   0.0    |   0.0    |   0.0    | 0.131752 |   0.0    |   0.0    |
| 0.131752 | 0.131752 |   0.0    |   0.0    |   0.0    |   0.0    |   0.0    |   0.0    |   0.0    |   0.0    |
|   0.0    |   0.0    | 0.131752 |   0.0    |   0.0    |   0.0    | 0.131752 |   0.0    |   0.0    |   0.0    |
|   0.0    |   0.0    |   0.0    |   0.0    |   0.0    | 0.131752 |   0.0    | 0.131752 |   0.0    |   0.0    |
|   0.0    |   0.0    |   0.0    | 0.131752 |   0.0    |   0.0    | 0.131752 |   0.0    |   0.0    |   0.0    |
|   0.0    |   0.0    | 0.131752 |   0.0    |   0.0    |   0.0    |   0.0    |   0.0    |   0.0    | 0.131752 |
|   0.0    |   0.0    |   0.0    |   0.0    |   0.0    |   0.0    |   0.0    |   0.0    | 0.131752 |   0.0    |
+----------+----------+----------+----------+----------+----------+----------+----------+----------+----------+

GENERACIÓN  7 :

Población:
 ['AEBDHGFCIJ' 'AEBDHGFCIJ' 'AEBDHGFCIJ' 'AEBDHGFCIJ' 'AEBDHGFCIJ'
 'AEBDHGFCIJ' 'AEBDHGFCIJ' 'AEBDHGFCIJ' 'AEBDHGFCIJ' 'AEBDHGFCIJ']
Fitness:
 [115 115 115 115 115 115 115 115 115 115]
FEROMONA:
+----------+----------+----------+----------+----------+----------+----------+----------+----------+----------+
|   0.0    |   0.0    |   0.0    |   0.0    | 0.131752 |   0.0    |   0.0    |   0.0    |   0.0    |   0.0    |
|   0.0    |   0.0    |   0.0    | 0.131752 | 0.131752 |   0.0    |   0.0    |   0.0    |   0.0    |   0.0    |
|   0.0    |   0.0    |   0.0    |   0.0    |   0.0    | 0.131752 |   0.0    |   0.0    | 0.131752 |   0.0    |
|   0.0    | 0.131752 |   0.0    |   0.0    |   0.0    |   0.0    |   0.0    | 0.131752 |   0.0    |   0.0    |
| 0.131752 | 0.131752 |   0.0    |   0.0    |   0.0    |   0.0    |   0.0    |   0.0    |   0.0    |   0.0    |
|   0.0    |   0.0    | 0.131752 |   0.0    |   0.0    |   0.0    | 0.131752 |   0.0    |   0.0    |   0.0    |
|   0.0    |   0.0    |   0.0    |   0.0    |   0.0    | 0.131752 |   0.0    | 0.131752 |   0.0    |   0.0    |
|   0.0    |   0.0    |   0.0    | 0.131752 |   0.0    |   0.0    | 0.131752 |   0.0    |   0.0    |   0.0    |
|   0.0    |   0.0    | 0.131752 |   0.0    |   0.0    |   0.0    |   0.0    |   0.0    |   0.0    | 0.131752 |
|   0.0    |   0.0    |   0.0    |   0.0    |   0.0    |   0.0    |   0.0    |   0.0    | 0.131752 |   0.0    |
+----------+----------+----------+----------+----------+----------+----------+----------+----------+----------+

GENERACIÓN  8 :

Población:
 ['AEBDHGFCIJ' 'AEBDHGFCIJ' 'AEBDHGFCIJ' 'AEBDHGFCIJ' 'AEBDHGFCIJ'
 'AEBDHGFCIJ' 'AEBDHGFCIJ' 'AEBDHGFCIJ' 'AEBDHGFCIJ' 'AEBDHGFCIJ']
Fitness:
 [115 115 115 115 115 115 115 115 115 115]
FEROMONA:
+----------+----------+----------+----------+----------+----------+----------+----------+----------+----------+
|   0.0    |   0.0    |   0.0    |   0.0    | 0.131752 |   0.0    |   0.0    |   0.0    |   0.0    |   0.0    |
|   0.0    |   0.0    |   0.0    | 0.131752 | 0.131752 |   0.0    |   0.0    |   0.0    |   0.0    |   0.0    |
|   0.0    |   0.0    |   0.0    |   0.0    |   0.0    | 0.131752 |   0.0    |   0.0    | 0.131752 |   0.0    |
|   0.0    | 0.131752 |   0.0    |   0.0    |   0.0    |   0.0    |   0.0    | 0.131752 |   0.0    |   0.0    |
| 0.131752 | 0.131752 |   0.0    |   0.0    |   0.0    |   0.0    |   0.0    |   0.0    |   0.0    |   0.0    |
|   0.0    |   0.0    | 0.131752 |   0.0    |   0.0    |   0.0    | 0.131752 |   0.0    |   0.0    |   0.0    |
|   0.0    |   0.0    |   0.0    |   0.0    |   0.0    | 0.131752 |   0.0    | 0.131752 |   0.0    |   0.0    |
|   0.0    |   0.0    |   0.0    | 0.131752 |   0.0    |   0.0    | 0.131752 |   0.0    |   0.0    |   0.0    |
|   0.0    |   0.0    | 0.131752 |   0.0    |   0.0    |   0.0    |   0.0    |   0.0    |   0.0    | 0.131752 |
|   0.0    |   0.0    |   0.0    |   0.0    |   0.0    |   0.0    |   0.0    |   0.0    | 0.131752 |   0.0    |
+----------+----------+----------+----------+----------+----------+----------+----------+----------+----------+

GENERACIÓN  9 :

Población:
 ['AEBDHGFCIJ' 'AEBDHGFCIJ' 'AEBDHGFCIJ' 'AEBDHGFCIJ' 'AEBDHGFCIJ'
 'AEBDHGFCIJ' 'AEBDHGFCIJ' 'AEBDHGFCIJ' 'AEBDHGFCIJ' 'AEBDHGFCIJ']
Fitness:
 [115 115 115 115 115 115 115 115 115 115]
FEROMONA:
+----------+----------+----------+----------+----------+----------+----------+----------+----------+----------+
|   0.0    |   0.0    |   0.0    |   0.0    | 0.131752 |   0.0    |   0.0    |   0.0    |   0.0    |   0.0    |
|   0.0    |   0.0    |   0.0    | 0.131752 | 0.131752 |   0.0    |   0.0    |   0.0    |   0.0    |   0.0    |
|   0.0    |   0.0    |   0.0    |   0.0    |   0.0    | 0.131752 |   0.0    |   0.0    | 0.131752 |   0.0    |
|   0.0    | 0.131752 |   0.0    |   0.0    |   0.0    |   0.0    |   0.0    | 0.131752 |   0.0    |   0.0    |
| 0.131752 | 0.131752 |   0.0    |   0.0    |   0.0    |   0.0    |   0.0    |   0.0    |   0.0    |   0.0    |
|   0.0    |   0.0    | 0.131752 |   0.0    |   0.0    |   0.0    | 0.131752 |   0.0    |   0.0    |   0.0    |
|   0.0    |   0.0    |   0.0    |   0.0    |   0.0    | 0.131752 |   0.0    | 0.131752 |   0.0    |   0.0    |
|   0.0    |   0.0    |   0.0    | 0.131752 |   0.0    |   0.0    | 0.131752 |   0.0    |   0.0    |   0.0    |
|   0.0    |   0.0    | 0.131752 |   0.0    |   0.0    |   0.0    |   0.0    |   0.0    |   0.0    | 0.131752 |
|   0.0    |   0.0    |   0.0    |   0.0    |   0.0    |   0.0    |   0.0    |   0.0    | 0.131752 |   0.0    |
+----------+----------+----------+----------+----------+----------+----------+----------+----------+----------+

GENERACIÓN  10 :

Población:
 ['AEBDHGFCIJ' 'AEBDHGFCIJ' 'AEBDHGFCIJ' 'AEBDHGFCIJ' 'AEBDHGFCIJ'
 'AEBDHGFCIJ' 'AEBDHGFCIJ' 'AEBDHGFCIJ' 'AEBDHGFCIJ' 'AEBDHGFCIJ']
Fitness:
 [115 115 115 115 115 115 115 115 115 115]
FEROMONA:
+----------+----------+----------+----------+----------+----------+----------+----------+----------+----------+
|   0.0    |   0.0    |   0.0    |   0.0    | 0.131752 |   0.0    |   0.0    |   0.0    |   0.0    |   0.0    |
|   0.0    |   0.0    |   0.0    | 0.131752 | 0.131752 |   0.0    |   0.0    |   0.0    |   0.0    |   0.0    |
|   0.0    |   0.0    |   0.0    |   0.0    |   0.0    | 0.131752 |   0.0    |   0.0    | 0.131752 |   0.0    |
|   0.0    | 0.131752 |   0.0    |   0.0    |   0.0    |   0.0    |   0.0    | 0.131752 |   0.0    |   0.0    |
| 0.131752 | 0.131752 |   0.0    |   0.0    |   0.0    |   0.0    |   0.0    |   0.0    |   0.0    |   0.0    |
|   0.0    |   0.0    | 0.131752 |   0.0    |   0.0    |   0.0    | 0.131752 |   0.0    |   0.0    |   0.0    |
|   0.0    |   0.0    |   0.0    |   0.0    |   0.0    | 0.131752 |   0.0    | 0.131752 |   0.0    |   0.0    |
|   0.0    |   0.0    |   0.0    | 0.131752 |   0.0    |   0.0    | 0.131752 |   0.0    |   0.0    |   0.0    |
|   0.0    |   0.0    | 0.131752 |   0.0    |   0.0    |   0.0    |   0.0    |   0.0    |   0.0    | 0.131752 |
|   0.0    |   0.0    |   0.0    |   0.0    |   0.0    |   0.0    |   0.0    |   0.0    | 0.131752 |   0.0    |
+----------+----------+----------+----------+----------+----------+----------+----------+----------+----------+

GENERACIÓN  11 :

Población:
 ['AEBDHGFCIJ' 'AEBDHGFCIJ' 'AEBDHGFCIJ' 'AEBDHGFCIJ' 'AEBDHGFCIJ'
 'AEBDHGFCIJ' 'AEBDHGFCIJ' 'AEBDHGFCIJ' 'AEBDHGFCIJ' 'AEBDHGFCIJ']
Fitness:
 [115 115 115 115 115 115 115 115 115 115]
FEROMONA:
+----------+----------+----------+----------+----------+----------+----------+----------+----------+----------+
|   0.0    |   0.0    |   0.0    |   0.0    | 0.131752 |   0.0    |   0.0    |   0.0    |   0.0    |   0.0    |
|   0.0    |   0.0    |   0.0    | 0.131752 | 0.131752 |   0.0    |   0.0    |   0.0    |   0.0    |   0.0    |
|   0.0    |   0.0    |   0.0    |   0.0    |   0.0    | 0.131752 |   0.0    |   0.0    | 0.131752 |   0.0    |
|   0.0    | 0.131752 |   0.0    |   0.0    |   0.0    |   0.0    |   0.0    | 0.131752 |   0.0    |   0.0    |
| 0.131752 | 0.131752 |   0.0    |   0.0    |   0.0    |   0.0    |   0.0    |   0.0    |   0.0    |   0.0    |
|   0.0    |   0.0    | 0.131752 |   0.0    |   0.0    |   0.0    | 0.131752 |   0.0    |   0.0    |   0.0    |
|   0.0    |   0.0    |   0.0    |   0.0    |   0.0    | 0.131752 |   0.0    | 0.131752 |   0.0    |   0.0    |
|   0.0    |   0.0    |   0.0    | 0.131752 |   0.0    |   0.0    | 0.131752 |   0.0    |   0.0    |   0.0    |
|   0.0    |   0.0    | 0.131752 |   0.0    |   0.0    |   0.0    |   0.0    |   0.0    |   0.0    | 0.131752 |
|   0.0    |   0.0    |   0.0    |   0.0    |   0.0    |   0.0    |   0.0    |   0.0    | 0.131752 |   0.0    |
+----------+----------+----------+----------+----------+----------+----------+----------+----------+----------+

GENERACIÓN  12 :

Población:
 ['AEBDHGFCIJ' 'AEBDHGFCIJ' 'AEBDHGFCIJ' 'AEBDHGFCIJ' 'AEBDHGFCIJ'
 'AEBDHGFCIJ' 'AEBDHGFCIJ' 'AEBDHGFCIJ' 'AEBDHGFCIJ' 'AEBDHGFCIJ']
Fitness:
 [115 115 115 115 115 115 115 115 115 115]
FEROMONA:
+----------+----------+----------+----------+----------+----------+----------+----------+----------+----------+
|   0.0    |   0.0    |   0.0    |   0.0    | 0.131752 |   0.0    |   0.0    |   0.0    |   0.0    |   0.0    |
|   0.0    |   0.0    |   0.0    | 0.131752 | 0.131752 |   0.0    |   0.0    |   0.0    |   0.0    |   0.0    |
|   0.0    |   0.0    |   0.0    |   0.0    |   0.0    | 0.131752 |   0.0    |   0.0    | 0.131752 |   0.0    |
|   0.0    | 0.131752 |   0.0    |   0.0    |   0.0    |   0.0    |   0.0    | 0.131752 |   0.0    |   0.0    |
| 0.131752 | 0.131752 |   0.0    |   0.0    |   0.0    |   0.0    |   0.0    |   0.0    |   0.0    |   0.0    |
|   0.0    |   0.0    | 0.131752 |   0.0    |   0.0    |   0.0    | 0.131752 |   0.0    |   0.0    |   0.0    |
|   0.0    |   0.0    |   0.0    |   0.0    |   0.0    | 0.131752 |   0.0    | 0.131752 |   0.0    |   0.0    |
|   0.0    |   0.0    |   0.0    | 0.131752 |   0.0    |   0.0    | 0.131752 |   0.0    |   0.0    |   0.0    |
|   0.0    |   0.0    | 0.131752 |   0.0    |   0.0    |   0.0    |   0.0    |   0.0    |   0.0    | 0.131752 |
|   0.0    |   0.0    |   0.0    |   0.0    |   0.0    |   0.0    |   0.0    |   0.0    | 0.131752 |   0.0    |
+----------+----------+----------+----------+----------+----------+----------+----------+----------+----------+

GENERACIÓN  13 :

Población:
 ['AEBDHGFCIJ' 'AEBDHGFCIJ' 'AEBDHGFCIJ' 'AEBDHGFCIJ' 'AEBDHGFCIJ'
 'AEBDHGFCIJ' 'AEBDHGFCIJ' 'AEBDHGFCIJ' 'AEBDHGFCIJ' 'AEBDHGFCIJ']
Fitness:
 [115 115 115 115 115 115 115 115 115 115]
FEROMONA:
+----------+----------+----------+----------+----------+----------+----------+----------+----------+----------+
|   0.0    |   0.0    |   0.0    |   0.0    | 0.131752 |   0.0    |   0.0    |   0.0    |   0.0    |   0.0    |
|   0.0    |   0.0    |   0.0    | 0.131752 | 0.131752 |   0.0    |   0.0    |   0.0    |   0.0    |   0.0    |
|   0.0    |   0.0    |   0.0    |   0.0    |   0.0    | 0.131752 |   0.0    |   0.0    | 0.131752 |   0.0    |
|   0.0    | 0.131752 |   0.0    |   0.0    |   0.0    |   0.0    |   0.0    | 0.131752 |   0.0    |   0.0    |
| 0.131752 | 0.131752 |   0.0    |   0.0    |   0.0    |   0.0    |   0.0    |   0.0    |   0.0    |   0.0    |
|   0.0    |   0.0    | 0.131752 |   0.0    |   0.0    |   0.0    | 0.131752 |   0.0    |   0.0    |   0.0    |
|   0.0    |   0.0    |   0.0    |   0.0    |   0.0    | 0.131752 |   0.0    | 0.131752 |   0.0    |   0.0    |
|   0.0    |   0.0    |   0.0    | 0.131752 |   0.0    |   0.0    | 0.131752 |   0.0    |   0.0    |   0.0    |
|   0.0    |   0.0    | 0.131752 |   0.0    |   0.0    |   0.0    |   0.0    |   0.0    |   0.0    | 0.131752 |
|   0.0    |   0.0    |   0.0    |   0.0    |   0.0    |   0.0    |   0.0    |   0.0    | 0.131752 |   0.0    |
+----------+----------+----------+----------+----------+----------+----------+----------+----------+----------+

GENERACIÓN  14 :

Población:
 ['AEBDHGFCIJ' 'AEBDHGFCIJ' 'AEBDHGFCIJ' 'AEBDHGFCIJ' 'AEBDHGFCIJ'
 'AEBDHGFCIJ' 'AEBDHGFCIJ' 'AEBDHGFCIJ' 'AEBDHGFCIJ' 'AEBDHGFCIJ']
Fitness:
 [115 115 115 115 115 115 115 115 115 115]
FEROMONA:
+----------+----------+----------+----------+----------+----------+----------+----------+----------+----------+
|   0.0    |   0.0    |   0.0    |   0.0    | 0.131752 |   0.0    |   0.0    |   0.0    |   0.0    |   0.0    |
|   0.0    |   0.0    |   0.0    | 0.131752 | 0.131752 |   0.0    |   0.0    |   0.0    |   0.0    |   0.0    |
|   0.0    |   0.0    |   0.0    |   0.0    |   0.0    | 0.131752 |   0.0    |   0.0    | 0.131752 |   0.0    |
|   0.0    | 0.131752 |   0.0    |   0.0    |   0.0    |   0.0    |   0.0    | 0.131752 |   0.0    |   0.0    |
| 0.131752 | 0.131752 |   0.0    |   0.0    |   0.0    |   0.0    |   0.0    |   0.0    |   0.0    |   0.0    |
|   0.0    |   0.0    | 0.131752 |   0.0    |   0.0    |   0.0    | 0.131752 |   0.0    |   0.0    |   0.0    |
|   0.0    |   0.0    |   0.0    |   0.0    |   0.0    | 0.131752 |   0.0    | 0.131752 |   0.0    |   0.0    |
|   0.0    |   0.0    |   0.0    | 0.131752 |   0.0    |   0.0    | 0.131752 |   0.0    |   0.0    |   0.0    |
|   0.0    |   0.0    | 0.131752 |   0.0    |   0.0    |   0.0    |   0.0    |   0.0    |   0.0    | 0.131752 |
|   0.0    |   0.0    |   0.0    |   0.0    |   0.0    |   0.0    |   0.0    |   0.0    | 0.131752 |   0.0    |
+----------+----------+----------+----------+----------+----------+----------+----------+----------+----------+

GENERACIÓN  15 :

Población:
 ['AEBDHGFCIJ' 'AEBDHGFCIJ' 'AEBDHGFCIJ' 'AEBDHGFCIJ' 'AEBDHGFCIJ'
 'AEBDHGFCIJ' 'AEBDHGFCIJ' 'AEBDHGFCIJ' 'AEBDHGFCIJ' 'AEBDHGFCIJ']
Fitness:
 [115 115 115 115 115 115 115 115 115 115]
FEROMONA:
+----------+----------+----------+----------+----------+----------+----------+----------+----------+----------+
|   0.0    |   0.0    |   0.0    |   0.0    | 0.131752 |   0.0    |   0.0    |   0.0    |   0.0    |   0.0    |
|   0.0    |   0.0    |   0.0    | 0.131752 | 0.131752 |   0.0    |   0.0    |   0.0    |   0.0    |   0.0    |
|   0.0    |   0.0    |   0.0    |   0.0    |   0.0    | 0.131752 |   0.0    |   0.0    | 0.131752 |   0.0    |
|   0.0    | 0.131752 |   0.0    |   0.0    |   0.0    |   0.0    |   0.0    | 0.131752 |   0.0    |   0.0    |
| 0.131752 | 0.131752 |   0.0    |   0.0    |   0.0    |   0.0    |   0.0    |   0.0    |   0.0    |   0.0    |
|   0.0    |   0.0    | 0.131752 |   0.0    |   0.0    |   0.0    | 0.131752 |   0.0    |   0.0    |   0.0    |
|   0.0    |   0.0    |   0.0    |   0.0    |   0.0    | 0.131752 |   0.0    | 0.131752 |   0.0    |   0.0    |
|   0.0    |   0.0    |   0.0    | 0.131752 |   0.0    |   0.0    | 0.131752 |   0.0    |   0.0    |   0.0    |
|   0.0    |   0.0    | 0.131752 |   0.0    |   0.0    |   0.0    |   0.0    |   0.0    |   0.0    | 0.131752 |
|   0.0    |   0.0    |   0.0    |   0.0    |   0.0    |   0.0    |   0.0    |   0.0    | 0.131752 |   0.0    |
+----------+----------+----------+----------+----------+----------+----------+----------+----------+----------+

GENERACIÓN  16 :

Población:
 ['AEBDHGFCIJ' 'AEBDHGFCIJ' 'AEBDHGFCIJ' 'AEBDHGFCIJ' 'AEBDHGFCIJ'
 'AEBDHGFCIJ' 'AEBDHGFCIJ' 'AEBDHGFCIJ' 'AEBDHGFCIJ' 'AEBDHGFCIJ']
Fitness:
 [115 115 115 115 115 115 115 115 115 115]
FEROMONA:
+----------+----------+----------+----------+----------+----------+----------+----------+----------+----------+
|   0.0    |   0.0    |   0.0    |   0.0    | 0.131752 |   0.0    |   0.0    |   0.0    |   0.0    |   0.0    |
|   0.0    |   0.0    |   0.0    | 0.131752 | 0.131752 |   0.0    |   0.0    |   0.0    |   0.0    |   0.0    |
|   0.0    |   0.0    |   0.0    |   0.0    |   0.0    | 0.131752 |   0.0    |   0.0    | 0.131752 |   0.0    |
|   0.0    | 0.131752 |   0.0    |   0.0    |   0.0    |   0.0    |   0.0    | 0.131752 |   0.0    |   0.0    |
| 0.131752 | 0.131752 |   0.0    |   0.0    |   0.0    |   0.0    |   0.0    |   0.0    |   0.0    |   0.0    |
|   0.0    |   0.0    | 0.131752 |   0.0    |   0.0    |   0.0    | 0.131752 |   0.0    |   0.0    |   0.0    |
|   0.0    |   0.0    |   0.0    |   0.0    |   0.0    | 0.131752 |   0.0    | 0.131752 |   0.0    |   0.0    |
|   0.0    |   0.0    |   0.0    | 0.131752 |   0.0    |   0.0    | 0.131752 |   0.0    |   0.0    |   0.0    |
|   0.0    |   0.0    | 0.131752 |   0.0    |   0.0    |   0.0    |   0.0    |   0.0    |   0.0    | 0.131752 |
|   0.0    |   0.0    |   0.0    |   0.0    |   0.0    |   0.0    |   0.0    |   0.0    | 0.131752 |   0.0    |
+----------+----------+----------+----------+----------+----------+----------+----------+----------+----------+

GENERACIÓN  17 :

Población:
 ['AEBDHGFCIJ' 'AEBDHGFCIJ' 'AEBDHGFCIJ' 'AEBDHGFCIJ' 'AEBDHGFCIJ'
 'AEBDHGFCIJ' 'AEBDHGFCIJ' 'AEBDHGFCIJ' 'AEBDHGFCIJ' 'AEBDHGFCIJ']
Fitness:
 [115 115 115 115 115 115 115 115 115 115]
FEROMONA:
+----------+----------+----------+----------+----------+----------+----------+----------+----------+----------+
|   0.0    |   0.0    |   0.0    |   0.0    | 0.131752 |   0.0    |   0.0    |   0.0    |   0.0    |   0.0    |
|   0.0    |   0.0    |   0.0    | 0.131752 | 0.131752 |   0.0    |   0.0    |   0.0    |   0.0    |   0.0    |
|   0.0    |   0.0    |   0.0    |   0.0    |   0.0    | 0.131752 |   0.0    |   0.0    | 0.131752 |   0.0    |
|   0.0    | 0.131752 |   0.0    |   0.0    |   0.0    |   0.0    |   0.0    | 0.131752 |   0.0    |   0.0    |
| 0.131752 | 0.131752 |   0.0    |   0.0    |   0.0    |   0.0    |   0.0    |   0.0    |   0.0    |   0.0    |
|   0.0    |   0.0    | 0.131752 |   0.0    |   0.0    |   0.0    | 0.131752 |   0.0    |   0.0    |   0.0    |
|   0.0    |   0.0    |   0.0    |   0.0    |   0.0    | 0.131752 |   0.0    | 0.131752 |   0.0    |   0.0    |
|   0.0    |   0.0    |   0.0    | 0.131752 |   0.0    |   0.0    | 0.131752 |   0.0    |   0.0    |   0.0    |
|   0.0    |   0.0    | 0.131752 |   0.0    |   0.0    |   0.0    |   0.0    |   0.0    |   0.0    | 0.131752 |
|   0.0    |   0.0    |   0.0    |   0.0    |   0.0    |   0.0    |   0.0    |   0.0    | 0.131752 |   0.0    |
+----------+----------+----------+----------+----------+----------+----------+----------+----------+----------+

GENERACIÓN  18 :

Población:
 ['AEBDHGFCIJ' 'AEBDHGFCIJ' 'AEBDHGFCIJ' 'AEBDHGFCIJ' 'AEBDHGFCIJ'
 'AEBDHGFCIJ' 'AEBDHGFCIJ' 'AEBDHGFCIJ' 'AEBDHGFCIJ' 'AEBDHGFCIJ']
Fitness:
 [115 115 115 115 115 115 115 115 115 115]
FEROMONA:
+----------+----------+----------+----------+----------+----------+----------+----------+----------+----------+
|   0.0    |   0.0    |   0.0    |   0.0    | 0.131752 |   0.0    |   0.0    |   0.0    |   0.0    |   0.0    |
|   0.0    |   0.0    |   0.0    | 0.131752 | 0.131752 |   0.0    |   0.0    |   0.0    |   0.0    |   0.0    |
|   0.0    |   0.0    |   0.0    |   0.0    |   0.0    | 0.131752 |   0.0    |   0.0    | 0.131752 |   0.0    |
|   0.0    | 0.131752 |   0.0    |   0.0    |   0.0    |   0.0    |   0.0    | 0.131752 |   0.0    |   0.0    |
| 0.131752 | 0.131752 |   0.0    |   0.0    |   0.0    |   0.0    |   0.0    |   0.0    |   0.0    |   0.0    |
|   0.0    |   0.0    | 0.131752 |   0.0    |   0.0    |   0.0    | 0.131752 |   0.0    |   0.0    |   0.0    |
|   0.0    |   0.0    |   0.0    |   0.0    |   0.0    | 0.131752 |   0.0    | 0.131752 |   0.0    |   0.0    |
|   0.0    |   0.0    |   0.0    | 0.131752 |   0.0    |   0.0    | 0.131752 |   0.0    |   0.0    |   0.0    |
|   0.0    |   0.0    | 0.131752 |   0.0    |   0.0    |   0.0    |   0.0    |   0.0    |   0.0    | 0.131752 |
|   0.0    |   0.0    |   0.0    |   0.0    |   0.0    |   0.0    |   0.0    |   0.0    | 0.131752 |   0.0    |
+----------+----------+----------+----------+----------+----------+----------+----------+----------+----------+

GENERACIÓN  19 :

Población:
 ['AEBDHGFCIJ' 'AEBDHGFCIJ' 'AEBDHGFCIJ' 'AEBDHGFCIJ' 'AEBDHGFCIJ'
 'AEBDHGFCIJ' 'AEBDHGFCIJ' 'AEBDHGFCIJ' 'AEBDHGFCIJ' 'AEBDHGFCIJ']
Fitness:
 [115 115 115 115 115 115 115 115 115 115]
FEROMONA:
+----------+----------+----------+----------+----------+----------+----------+----------+----------+----------+
|   0.0    |   0.0    |   0.0    |   0.0    | 0.131752 |   0.0    |   0.0    |   0.0    |   0.0    |   0.0    |
|   0.0    |   0.0    |   0.0    | 0.131752 | 0.131752 |   0.0    |   0.0    |   0.0    |   0.0    |   0.0    |
|   0.0    |   0.0    |   0.0    |   0.0    |   0.0    | 0.131752 |   0.0    |   0.0    | 0.131752 |   0.0    |
|   0.0    | 0.131752 |   0.0    |   0.0    |   0.0    |   0.0    |   0.0    | 0.131752 |   0.0    |   0.0    |
| 0.131752 | 0.131752 |   0.0    |   0.0    |   0.0    |   0.0    |   0.0    |   0.0    |   0.0    |   0.0    |
|   0.0    |   0.0    | 0.131752 |   0.0    |   0.0    |   0.0    | 0.131752 |   0.0    |   0.0    |   0.0    |
|   0.0    |   0.0    |   0.0    |   0.0    |   0.0    | 0.131752 |   0.0    | 0.131752 |   0.0    |   0.0    |
|   0.0    |   0.0    |   0.0    | 0.131752 |   0.0    |   0.0    | 0.131752 |   0.0    |   0.0    |   0.0    |
|   0.0    |   0.0    | 0.131752 |   0.0    |   0.0    |   0.0    |   0.0    |   0.0    |   0.0    | 0.131752 |
|   0.0    |   0.0    |   0.0    |   0.0    |   0.0    |   0.0    |   0.0    |   0.0    | 0.131752 |   0.0    |
+----------+----------+----------+----------+----------+----------+----------+----------+----------+----------+

GENERACIÓN  20 :

Población:
 ['AEBDHGFCIJ' 'AEBDHGFCIJ' 'AEBDHGFCIJ' 'AEBDHGFCIJ' 'AEBDHGFCIJ'
 'AEBDHGFCIJ' 'AEBDHGFCIJ' 'AEBDHGFCIJ' 'AEBDHGFCIJ' 'AEBDHGFCIJ']
Fitness:
 [115 115 115 115 115 115 115 115 115 115]
FEROMONA:
+----------+----------+----------+----------+----------+----------+----------+----------+----------+----------+
|   0.0    |   0.0    |   0.0    |   0.0    | 0.131752 |   0.0    |   0.0    |   0.0    |   0.0    |   0.0    |
|   0.0    |   0.0    |   0.0    | 0.131752 | 0.131752 |   0.0    |   0.0    |   0.0    |   0.0    |   0.0    |
|   0.0    |   0.0    |   0.0    |   0.0    |   0.0    | 0.131752 |   0.0    |   0.0    | 0.131752 |   0.0    |
|   0.0    | 0.131752 |   0.0    |   0.0    |   0.0    |   0.0    |   0.0    | 0.131752 |   0.0    |   0.0    |
| 0.131752 | 0.131752 |   0.0    |   0.0    |   0.0    |   0.0    |   0.0    |   0.0    |   0.0    |   0.0    |
|   0.0    |   0.0    | 0.131752 |   0.0    |   0.0    |   0.0    | 0.131752 |   0.0    |   0.0    |   0.0    |
|   0.0    |   0.0    |   0.0    |   0.0    |   0.0    | 0.131752 |   0.0    | 0.131752 |   0.0    |   0.0    |
|   0.0    |   0.0    |   0.0    | 0.131752 |   0.0    |   0.0    | 0.131752 |   0.0    |   0.0    |   0.0    |
|   0.0    |   0.0    | 0.131752 |   0.0    |   0.0    |   0.0    |   0.0    |   0.0    |   0.0    | 0.131752 |
|   0.0    |   0.0    |   0.0    |   0.0    |   0.0    |   0.0    |   0.0    |   0.0    | 0.131752 |   0.0    |
+----------+----------+----------+----------+----------+----------+----------+----------+----------+----------+

GENERACIÓN  21 :

Población:
 ['AEBDHGFCIJ' 'AEBDHGFCIJ' 'AEBDHGFCIJ' 'AEBDHGFCIJ' 'AEBDHGFCIJ'
 'AEBDHGFCIJ' 'AEBDHGFCIJ' 'AEBDHGFCIJ' 'AEBDHGFCIJ' 'AEBDHGFCIJ']
Fitness:
 [115 115 115 115 115 115 115 115 115 115]
FEROMONA:
+----------+----------+----------+----------+----------+----------+----------+----------+----------+----------+
|   0.0    |   0.0    |   0.0    |   0.0    | 0.131752 |   0.0    |   0.0    |   0.0    |   0.0    |   0.0    |
|   0.0    |   0.0    |   0.0    | 0.131752 | 0.131752 |   0.0    |   0.0    |   0.0    |   0.0    |   0.0    |
|   0.0    |   0.0    |   0.0    |   0.0    |   0.0    | 0.131752 |   0.0    |   0.0    | 0.131752 |   0.0    |
|   0.0    | 0.131752 |   0.0    |   0.0    |   0.0    |   0.0    |   0.0    | 0.131752 |   0.0    |   0.0    |
| 0.131752 | 0.131752 |   0.0    |   0.0    |   0.0    |   0.0    |   0.0    |   0.0    |   0.0    |   0.0    |
|   0.0    |   0.0    | 0.131752 |   0.0    |   0.0    |   0.0    | 0.131752 |   0.0    |   0.0    |   0.0    |
|   0.0    |   0.0    |   0.0    |   0.0    |   0.0    | 0.131752 |   0.0    | 0.131752 |   0.0    |   0.0    |
|   0.0    |   0.0    |   0.0    | 0.131752 |   0.0    |   0.0    | 0.131752 |   0.0    |   0.0    |   0.0    |
|   0.0    |   0.0    | 0.131752 |   0.0    |   0.0    |   0.0    |   0.0    |   0.0    |   0.0    | 0.131752 |
|   0.0    |   0.0    |   0.0    |   0.0    |   0.0    |   0.0    |   0.0    |   0.0    | 0.131752 |   0.0    |
+----------+----------+----------+----------+----------+----------+----------+----------+----------+----------+

GENERACIÓN  22 :

Población:
 ['AEBDHGFCIJ' 'AEBDHGFCIJ' 'AEBDHGFCIJ' 'AEBDHGFCIJ' 'AEBDHGFCIJ'
 'AEBDHGFCIJ' 'AEBDHGFCIJ' 'AEBDHGFCIJ' 'AEBDHGFCIJ' 'AEBDHGFCIJ']
Fitness:
 [115 115 115 115 115 115 115 115 115 115]
FEROMONA:
+----------+----------+----------+----------+----------+----------+----------+----------+----------+----------+
|   0.0    |   0.0    |   0.0    |   0.0    | 0.131752 |   0.0    |   0.0    |   0.0    |   0.0    |   0.0    |
|   0.0    |   0.0    |   0.0    | 0.131752 | 0.131752 |   0.0    |   0.0    |   0.0    |   0.0    |   0.0    |
|   0.0    |   0.0    |   0.0    |   0.0    |   0.0    | 0.131752 |   0.0    |   0.0    | 0.131752 |   0.0    |
|   0.0    | 0.131752 |   0.0    |   0.0    |   0.0    |   0.0    |   0.0    | 0.131752 |   0.0    |   0.0    |
| 0.131752 | 0.131752 |   0.0    |   0.0    |   0.0    |   0.0    |   0.0    |   0.0    |   0.0    |   0.0    |
|   0.0    |   0.0    | 0.131752 |   0.0    |   0.0    |   0.0    | 0.131752 |   0.0    |   0.0    |   0.0    |
|   0.0    |   0.0    |   0.0    |   0.0    |   0.0    | 0.131752 |   0.0    | 0.131752 |   0.0    |   0.0    |
|   0.0    |   0.0    |   0.0    | 0.131752 |   0.0    |   0.0    | 0.131752 |   0.0    |   0.0    |   0.0    |
|   0.0    |   0.0    | 0.131752 |   0.0    |   0.0    |   0.0    |   0.0    |   0.0    |   0.0    | 0.131752 |
|   0.0    |   0.0    |   0.0    |   0.0    |   0.0    |   0.0    |   0.0    |   0.0    | 0.131752 |   0.0    |
+----------+----------+----------+----------+----------+----------+----------+----------+----------+----------+

GENERACIÓN  23 :

Población:
 ['AEBDHGFCIJ' 'AEBDHGFCIJ' 'AEBDHGFCIJ' 'AEBDHGFCIJ' 'AEBDHGFCIJ'
 'AEBDHGFCIJ' 'AEBDHGFCIJ' 'AEBDHGFCIJ' 'AEBDHGFCIJ' 'AEBDHGFCIJ']
Fitness:
 [115 115 115 115 115 115 115 115 115 115]
FEROMONA:
+----------+----------+----------+----------+----------+----------+----------+----------+----------+----------+
|   0.0    |   0.0    |   0.0    |   0.0    | 0.131752 |   0.0    |   0.0    |   0.0    |   0.0    |   0.0    |
|   0.0    |   0.0    |   0.0    | 0.131752 | 0.131752 |   0.0    |   0.0    |   0.0    |   0.0    |   0.0    |
|   0.0    |   0.0    |   0.0    |   0.0    |   0.0    | 0.131752 |   0.0    |   0.0    | 0.131752 |   0.0    |
|   0.0    | 0.131752 |   0.0    |   0.0    |   0.0    |   0.0    |   0.0    | 0.131752 |   0.0    |   0.0    |
| 0.131752 | 0.131752 |   0.0    |   0.0    |   0.0    |   0.0    |   0.0    |   0.0    |   0.0    |   0.0    |
|   0.0    |   0.0    | 0.131752 |   0.0    |   0.0    |   0.0    | 0.131752 |   0.0    |   0.0    |   0.0    |
|   0.0    |   0.0    |   0.0    |   0.0    |   0.0    | 0.131752 |   0.0    | 0.131752 |   0.0    |   0.0    |
|   0.0    |   0.0    |   0.0    | 0.131752 |   0.0    |   0.0    | 0.131752 |   0.0    |   0.0    |   0.0    |
|   0.0    |   0.0    | 0.131752 |   0.0    |   0.0    |   0.0    |   0.0    |   0.0    |   0.0    | 0.131752 |
|   0.0    |   0.0    |   0.0    |   0.0    |   0.0    |   0.0    |   0.0    |   0.0    | 0.131752 |   0.0    |
+----------+----------+----------+----------+----------+----------+----------+----------+----------+----------+

GENERACIÓN  24 :

Población:
 ['AEBDHGFCIJ' 'AEBDHGFCIJ' 'AEBDHGFCIJ' 'AEBDHGFCIJ' 'AEBDHGFCIJ'
 'AEBDHGFCIJ' 'AEBDHGFCIJ' 'AEBDHGFCIJ' 'AEBDHGFCIJ' 'AEBDHGFCIJ']
Fitness:
 [115 115 115 115 115 115 115 115 115 115]
FEROMONA:
+----------+----------+----------+----------+----------+----------+----------+----------+----------+----------+
|   0.0    |   0.0    |   0.0    |   0.0    | 0.131752 |   0.0    |   0.0    |   0.0    |   0.0    |   0.0    |
|   0.0    |   0.0    |   0.0    | 0.131752 | 0.131752 |   0.0    |   0.0    |   0.0    |   0.0    |   0.0    |
|   0.0    |   0.0    |   0.0    |   0.0    |   0.0    | 0.131752 |   0.0    |   0.0    | 0.131752 |   0.0    |
|   0.0    | 0.131752 |   0.0    |   0.0    |   0.0    |   0.0    |   0.0    | 0.131752 |   0.0    |   0.0    |
| 0.131752 | 0.131752 |   0.0    |   0.0    |   0.0    |   0.0    |   0.0    |   0.0    |   0.0    |   0.0    |
|   0.0    |   0.0    | 0.131752 |   0.0    |   0.0    |   0.0    | 0.131752 |   0.0    |   0.0    |   0.0    |
|   0.0    |   0.0    |   0.0    |   0.0    |   0.0    | 0.131752 |   0.0    | 0.131752 |   0.0    |   0.0    |
