Los caminos:
 [[ 0 12  3 23  1  5 23 56 12 11]
 [12  0  9 18  3 41 45  5 41 27]
 [ 3  9  0 89 56 21 12 48 14 29]
 [23 18 89  0 87 46 75 17 50 42]
 [ 1  3 56 87  0 55 22 86 14 33]
 [ 5 41 21 46 55  0 21 76 54 81]
 [23 45 12 75 22 21  0 11 57 48]
 [56  5 48 17 86 76 11  0 63 24]
 [12 41 14 50 14 54 57 63  0  9]
 [11 27 29 42 33 81 48 24  9  0]]

COMIENZO PROCESO:  21-05-2019 23:16:13

Feromona Inicial:
 [[0.  0.1 0.1 0.1 0.1 0.1 0.1 0.1 0.1 0.1]
 [0.1 0.  0.1 0.1 0.1 0.1 0.1 0.1 0.1 0.1]
 [0.1 0.1 0.  0.1 0.1 0.1 0.1 0.1 0.1 0.1]
 [0.1 0.1 0.1 0.  0.1 0.1 0.1 0.1 0.1 0.1]
 [0.1 0.1 0.1 0.1 0.  0.1 0.1 0.1 0.1 0.1]
 [0.1 0.1 0.1 0.1 0.1 0.  0.1 0.1 0.1 0.1]
 [0.1 0.1 0.1 0.1 0.1 0.1 0.  0.1 0.1 0.1]
 [0.1 0.1 0.1 0.1 0.1 0.1 0.1 0.  0.1 0.1]
 [0.1 0.1 0.1 0.1 0.1 0.1 0.1 0.1 0.  0.1]
 [0.1 0.1 0.1 0.1 0.1 0.1 0.1 0.1 0.1 0. ]]

Visibilidad:
 [[0, 0.08333333333333333, 0.3333333333333333, 0.043478260869565216, 1.0, 0.2, 0.043478260869565216, 0.017857142857142856, 0.08333333333333333, 0.09090909090909091], [0.08333333333333333, 0, 0.1111111111111111, 0.05555555555555555, 0.3333333333333333, 0.024390243902439025, 0.022222222222222223, 0.2, 0.024390243902439025, 0.037037037037037035], [0.3333333333333333, 0.1111111111111111, 0, 0.011235955056179775, 0.017857142857142856, 0.047619047619047616, 0.08333333333333333, 0.020833333333333332, 0.07142857142857142, 0.034482758620689655], [0.043478260869565216, 0.05555555555555555, 0.011235955056179775, 0, 0.011494252873563218, 0.021739130434782608, 0.013333333333333334, 0.058823529411764705, 0.02, 0.023809523809523808], [1.0, 0.3333333333333333, 0.017857142857142856, 0.011494252873563218, 0, 0.01818181818181818, 0.045454545454545456, 0.011627906976744186, 0.07142857142857142, 0.030303030303030304], [0.2, 0.024390243902439025, 0.047619047619047616, 0.021739130434782608, 0.01818181818181818, 0, 0.047619047619047616, 0.013157894736842105, 0.018518518518518517, 0.012345679012345678], [0.043478260869565216, 0.022222222222222223, 0.08333333333333333, 0.013333333333333334, 0.045454545454545456, 0.047619047619047616, 0, 0.09090909090909091, 0.017543859649122806, 0.020833333333333332], [0.017857142857142856, 0.2, 0.020833333333333332, 0.058823529411764705, 0.011627906976744186, 0.013157894736842105, 0.09090909090909091, 0, 0.015873015873015872, 0.041666666666666664], [0.08333333333333333, 0.024390243902439025, 0.07142857142857142, 0.02, 0.07142857142857142, 0.018518518518518517, 0.017543859649122806, 0.015873015873015872, 0, 0.1111111111111111], [0.09090909090909091, 0.037037037037037035, 0.034482758620689655, 0.023809523809523808, 0.030303030303030304, 0.012345679012345678, 0.020833333333333332, 0.041666666666666664, 0.1111111111111111, 0]]

GENERACIÓN  1 :

Población:
 ['AEBHGCFIDJ' 'AEBCIJHDGF' 'AGFEIJHBDC' 'ACIEBDHGFJ' 'AFCJEBHGDI'
 'ACGBEIJHFD' 'AEIJDFCGHB' 'AIJEBCFDHG' 'ACBEGHJIFD' 'ACGEHFDJIB']
Fitness:
 [199 173 258 182 232 232 161 161 181 337]
Feromona:
 [[0.         0.099      0.11729707 0.099      0.11601665 0.10331034
  0.10287597 0.099      0.10521118 0.099     ]
 [0.099      0.         0.11651639 0.10837047 0.13565671 0.099
  0.10331034 0.11842262 0.10196736 0.099     ]
 [0.11729707 0.11651639 0.         0.10287597 0.099      0.12075783
  0.11751401 0.099      0.11027485 0.10331034]
 [0.099      0.10837047 0.10287597 0.         0.099      0.12422493
  0.10909069 0.11648603 0.10833547 0.11320366]
 [0.11601665 0.13565671 0.099      0.099      0.         0.10287597
  0.10749222 0.10196736 0.118892   0.10952152]
 [0.10331034 0.099      0.12075783 0.12422493 0.10287597 0.
  0.11415082 0.1062777  0.10954999 0.10449451]
 [0.10287597 0.10331034 0.11751401 0.10909069 0.10749222 0.11415082
  0.         0.1317772  0.099      0.099     ]
 [0.099      0.11842262 0.099      0.11648603 0.10196736 0.1062777
  0.1317772  0.         0.099      0.11849152]
 [0.10521118 0.10196736 0.11027485 0.10833547 0.118892   0.10954999
  0.099      0.099      0.         0.13388124]
 [0.099      0.099      0.10331034 0.11320366 0.10952152 0.10449451
  0.099      0.11849152 0.13388124 0.        ]]

GENERACIÓN  2 :

Población:
 ['AEBHGICJFD' 'AGEFBHDCIJ' 'AEBCIJDHGF' 'AEBHIJCGFD' 'AEBCGIJHDF'
 'AEBDJIGHCF' 'AGIEBHCFDJ' 'AEICFHBDJG' 'AEBJIDFCGH' 'AEBJDICFGH']
Fitness:
 [247 275 127 189 178 210 259 239 180 190]
Feromona:
 [[0.         0.09801    0.1161241  0.09801    0.15745279 0.10227724
  0.10934458 0.09801    0.10415907 0.09801   ]
 [0.09801    0.         0.12884322 0.11623277 0.17657335 0.10164636
  0.10227724 0.13825945 0.10094769 0.10882871]
 [0.1161241  0.12884322 0.         0.10548357 0.09801    0.14317597
  0.13280341 0.10663291 0.13417832 0.11161683]
 [0.09801    0.11623277 0.10548357 0.         0.09801    0.1473568
  0.10799978 0.13244953 0.11807083 0.13801581]
 [0.15745279 0.17657335 0.09801    0.09801    0.         0.10548357
  0.11005366 0.10094769 0.12574818 0.10842631]
 [0.10227724 0.10164636 0.14317597 0.1473568  0.10548357 0.
  0.13143749 0.10939903 0.10845449 0.10749814]
 [0.10934458 0.10227724 0.13280341 0.10799978 0.11005366 0.13143749
  0.         0.15796264 0.11629947 0.1021941 ]
 [0.09801    0.13825945 0.10663291 0.13244953 0.10094769 0.10939903
  0.15796264 0.         0.10330101 0.12292458]
 [0.10415907 0.10094769 0.13417832 0.11807083 0.12574818 0.10845449
  0.11629947 0.10330101 0.         0.16527925]
 [0.09801    0.10882871 0.11161683 0.13801581 0.10842631 0.10749814
  0.1021941  0.12292458 0.16527925 0.        ]]

GENERACIÓN  3 :

Población:
 ['AEBCJIFDHG' 'AEBHGICFDJ' 'AEBJCFIGHD' 'AEBHDICGFJ' 'ACGEBHDFIJ'
 'AEICJHBDFG' 'AEBHDJICFG' 'AEBHJIGFCD' 'ACIEBHDFJG' 'AEBCFHGDIJ']
Fitness:
 [179 200 220 204 171 172 133 230 231 255]
Feromona:
 [[0.         0.0970299  0.12513982 0.0970299  0.19751441 0.10125447
  0.10825113 0.0970299  0.10311748 0.0970299 ]
 [0.0970299  0.         0.13706295 0.1208844  0.22080677 0.1006299
  0.10125447 0.17463635 0.09993821 0.11228588]
 [0.12513982 0.13706295 0.         0.10877656 0.0970299  0.16707786
  0.14222529 0.10556658 0.16040026 0.12644666]
 [0.0970299  0.1208844  0.10877656 0.         0.0970299  0.17246074
  0.11084136 0.1638548  0.12571365 0.14915445]
 [0.19751441 0.22080677 0.0970299  0.0970299  0.         0.10442874
  0.11480108 0.09993821 0.13463366 0.10734205]
 [0.10125447 0.1006299  0.16707786 0.17246074 0.10442874 0.
  0.15270565 0.11222661 0.12334994 0.11565413]
 [0.10825113 0.10125447 0.14222529 0.11084136 0.11480108 0.15270565
  0.         0.17543663 0.12902976 0.10550116]
 [0.0970299  0.17463635 0.10556658 0.1638548  0.09993821 0.11222661
  0.17543663 0.         0.102268   0.13185712]
 [0.10311748 0.09993821 0.16040026 0.12571365 0.13463366 0.12334994
  0.12902976 0.102268   0.         0.1908492 ]
 [0.0970299  0.11228588 0.12644666 0.14915445 0.10734205 0.11565413
  0.10550116 0.13185712 0.1908492  0.        ]]

GENERACIÓN  4 :

Población:
 ['AEBJDHGFCI' 'AEBCIJHGFD' 'AECJGFDHBI' 'AICBEHGJFD' 'AEBHGCIJDF'
 'AEIGCJFBHD' 'AEJICDGFBH' 'AEBIJHGCFD' 'AEBHGFIDJC' 'AJIEBFGHDC']
Fitness:
 [157 138 264 310 143 257 288 168 216 216]
Feromona:
 [[0.         0.0960596  0.12388842 0.0960596  0.23788124 0.10024192
  0.10716862 0.0960596  0.10531211 0.10068923]
 [0.0960596  0.         0.1461645  0.11967556 0.25764496 0.1116165
  0.10024192 0.19566377 0.10867909 0.11753245]
 [0.12388842 0.1461645  0.         0.11579065 0.09984748 0.17772889
  0.15763947 0.10451091 0.18610309 0.13749075]
 [0.0960596  0.11967556 0.11579065 0.         0.0960596  0.19794158
  0.11320516 0.18089423 0.12908614 0.16565497]
 [0.23788124 0.25764496 0.09984748 0.0960596  0.         0.10338445
  0.11365307 0.10216463 0.141808   0.10974085]
 [0.10024192 0.1116165  0.17772889 0.19794158 0.10338445 0.
  0.18131376 0.11110434 0.12674607 0.12161444]
 [0.10716862 0.10024192 0.15763947 0.11320516 0.11365307 0.18131376
  0.         0.21272852 0.13163051 0.11145984]
 [0.0960596  0.19566377 0.10451091 0.18089423 0.10216463 0.11110434
  0.21272852 0.         0.10124532 0.14373731]
 [0.10531211 0.10867909 0.18610309 0.12908614 0.141808   0.12674607
  0.13163051 0.10124532 0.         0.21723432]
 [0.10068923 0.11753245 0.13749075 0.16565497 0.10974085 0.12161444
  0.11145984 0.14373731 0.21723432 0.        ]]

GENERACIÓN  5 :

Población:
 ['AEBHGCJIDF' 'AEBHGCFJID' 'ACBEFIDJHG' 'AEBHDICJGF' 'AEDBHGFCIJ'
 'AEBHDFGCIJ' 'AEBHDJICFG' 'AEBHDFCIJG' 'ACGDHBEJIF' 'ACBHJIFGED']
Fitness:
 [166 193 251 188 187 128 133 164 211 234]
Feromona:
 [[0.         0.095099   0.13564644 0.095099   0.27880347 0.09923951
  0.10609693 0.095099   0.10425899 0.09968234]
 [0.095099   0.         0.15296042 0.12382639 0.30174536 0.11050034
  0.09923951 0.24602102 0.1075923  0.11635712]
 [0.13564644 0.15296042 0.         0.11463274 0.098849   0.2000969
  0.17982036 0.1034658  0.21633766 0.14745909]
 [0.095099   0.12382639 0.11463274 0.         0.1047201  0.21589632
  0.11681245 0.21057263 0.14830394 0.17550128]
 [0.27880347 0.30174536 0.098849   0.1047201  0.         0.10633467
  0.11679004 0.10114299 0.14038992 0.11338278]
 [0.09923951 0.11050034 0.2000969  0.21589632 0.10633467 0.
  0.20977217 0.1099933  0.13847552 0.12557965]
 [0.10609693 0.09923951 0.17982036 0.11681245 0.11679004 0.20977217
  0.         0.23113834 0.1303142  0.12176195]
 [0.095099   0.24602102 0.1034658  0.21057263 0.10114299 0.1099933
  0.23113834 0.         0.10023286 0.1505575 ]
 [0.10425899 0.1075923  0.21633766 0.14830394 0.14038992 0.13847552
  0.1303142  0.10023286 0.         0.26205671]
 [0.09968234 0.11635712 0.14745909 0.17550128 0.11338278 0.12557965
  0.12176195 0.1505575  0.26205671 0.        ]]

GENERACIÓN  6 :

Población:
 ['AEBHGCFDJI' 'ACBEIJDFGH' 'AFCBEGHDIJ' 'AEBHGCJIDF' 'AEIJGCBHDF'
 'AFECGBHJID' 'AEBHDFJICG' 'ACGHBIJDFE' 'AEGHBCIJFD' 'AFGCJIBEHD']
Fitness:
 [150 158 147 166 161 261 188 224 198 223]
Feromona:
 [[0.         0.09414801 0.14508337 0.09414801 0.30528703 0.11336555
  0.10503596 0.09414801 0.1032164  0.09868551]
 [0.09414801 0.         0.17582434 0.12258813 0.33435396 0.10939534
  0.10207853 0.28112811 0.11546496 0.11519355]
 [0.14508337 0.17582434 0.         0.11348642 0.10169193 0.21156532
  0.21502326 0.10243115 0.22454394 0.1564929 ]
 [0.09414801 0.12258813 0.11348642 0.         0.1036729  0.25380235
  0.11564432 0.23128426 0.16347913 0.19120633]
 [0.30528703 0.33435396 0.10169193 0.1036729  0.         0.11356703
  0.12747537 0.10461586 0.15152632 0.11224895]
 [0.11336555 0.10939534 0.21156532 0.25380235 0.11356703 0.
  0.21848787 0.10889336 0.13709076 0.1346935 ]
 [0.10503596 0.10207853 0.21502326 0.11564432 0.12747537 0.21848787
  0.         0.26416434 0.12901106 0.12675551]
 [0.09414801 0.28112811 0.10243115 0.23128426 0.10461586 0.10889336
  0.26416434 0.         0.09923053 0.15288334]
 [0.1032164  0.11546496 0.22454394 0.16347913 0.15152632 0.13709076
  0.12901106 0.09923053 0.         0.31461959]
 [0.09868551 0.11519355 0.1564929  0.19120633 0.11224895 0.1346935
  0.12675551 0.15288334 0.31461959 0.        ]]

GENERACIÓN  7 :

Población:
 ['AIJDHGCFEB' 'AFGBEIDHCJ' 'AEGCBIJHDF' 'AEBCIJHGDF' 'AEBCJIDHGF'
 'AJICBHGFDE' 'AEBCIJDFGH' 'ACGIDBHFEJ' 'AEBHJICFGD' 'AEBDFHGCIJ']
Fitness:
 [182 232 181 192 150 213 156 309 173 190]
Feromona:
 [[0.         0.09320653 0.14686879 0.09320653 0.33708779 0.11654224
  0.1039856  0.09320653 0.10767874 0.1023935 ]
 [0.09320653 0.         0.20257105 0.12986165 0.37014403 0.10830138
  0.10536809 0.29202826 0.11983518 0.11404162]
 [0.14686879 0.20257105 0.         0.11235155 0.10067501 0.22072452
  0.23239179 0.10571718 0.24965543 0.16590498]
 [0.09320653 0.12986165 0.11235155 0.         0.10733101 0.27836578
  0.12547656 0.2509678  0.1760576  0.20119903]
 [0.33708779 0.37014403 0.10067501 0.10733101 0.         0.12116211
  0.13172548 0.1035697  0.1543214  0.11436271]
 [0.11654224 0.10830138 0.22072452 0.27836578 0.12116211 0.
  0.24416544 0.11630383 0.13571985 0.13334657]
 [0.1039856  0.10536809 0.23239179 0.12547656 0.13172548 0.24416544
  0.         0.29526046 0.1309572  0.12548795]
 [0.09320653 0.29202826 0.10571718 0.2509678  0.1035697  0.11630383
  0.29526046 0.         0.09823823 0.16786805]
 [0.10767874 0.11983518 0.24965543 0.1760576  0.1543214  0.13571985
  0.1309572  0.09823823 0.         0.35651636]
 [0.1023935  0.11404162 0.16590498 0.20119903 0.11436271 0.13334657
  0.12548795 0.16786805 0.35651636 0.        ]]

GENERACIÓN  8 :

Población:
 ['ACBHGEFIJD' 'AEBHGCFDJI' 'AEBCGFHDIJ' 'AEBHGCJIDF' 'ACIJEBHGFD'
 'AEBHGJIDFC' 'AEGHBDJICF' 'AEBCIJDFHG' 'ACGHDJIBEF' 'AEBHGJICFD']
Fitness:
 [210 150 198 166 145 194 143 211 193 158]
Feromona:
 [[0.         0.09227447 0.1622399  0.09227447 0.37467427 0.11537682
  0.10294575 0.09227447 0.10660195 0.10136956]
 [0.09227447 0.         0.21509709 0.13555604 0.41248485 0.10721837
  0.10431441 0.33193396 0.12381817 0.1129012 ]
 [0.1622399  0.21509709 0.         0.11122804 0.09966826 0.2436607
  0.25299049 0.10466001 0.27211689 0.17027003]
 [0.09227447 0.13555604 0.11122804 0.         0.1062577  0.31139252
  0.1242218  0.25868997 0.19052626 0.2275293 ]
 [0.37467427 0.41248485 0.09966826 0.1062577  0.         0.12989374
  0.14216313 0.10253401 0.15277819 0.12011563]
 [0.11537682 0.10721837 0.2436607  0.31139252 0.12989374 0.
  0.25367084 0.12493064 0.13912456 0.1320131 ]
 [0.10294575 0.10431441 0.25299049 0.1242218  0.14216313 0.25367084
  0.         0.34505451 0.12964762 0.13571683]
 [0.09227447 0.33193396 0.10466001 0.25868997 0.10253401 0.12493064
  0.34505451 0.         0.09725585 0.16618937]
 [0.10660195 0.12381817 0.27211689 0.19052626 0.15277819 0.13912456
  0.12964762 0.09725585 0.         0.41074836]
 [0.10136956 0.1129012  0.17027003 0.2275293  0.12011563 0.1320131
  0.13571683 0.16618937 0.41074836 0.        ]]

GENERACIÓN  9 :

Población:
 ['ACGFEBDJIH' 'AEBHGCIJDF' 'AFCBEJIGHD' 'ACBHGEIJFD' 'AEBHGJICFD'
 'AEICGHBDJF' 'AEBHDCIFGJ' 'AEBFGCJIDH' 'AEBHGCFIJD' 'AJICFDBEGH']
Fitness:
 [226 143 165 200 158 198 252 183 158 155]
Feromona:
 [[0.         0.09135172 0.17004228 0.09135172 0.40506201 0.12028366
  0.10191629 0.09135172 0.10553593 0.10680748]
 [0.09135172 0.         0.22400672 0.15012738 0.45438097 0.11161067
  0.10327126 0.36228461 0.12257999 0.11177219]
 [0.17004228 0.22400672 0.         0.11408401 0.09867158 0.26639454
  0.27872247 0.10361341 0.29818821 0.17403181]
 [0.09135172 0.15012738 0.11408401 0.         0.10519512 0.33305233
  0.12297958 0.27159641 0.19408548 0.24805142]
 [0.40506201 0.45438097 0.09867158 0.10519512 0.         0.13301958
  0.15219311 0.10150867 0.16130091 0.12497508]
 [0.12028366 0.11161067 0.26639454 0.33305233 0.13301958 0.
  0.26499164 0.12368133 0.14803068 0.14074348]
 [0.10191629 0.10327126 0.27872247 0.12297958 0.15219311 0.26499164
  0.         0.38381793 0.13441175 0.14465703]
 [0.09135172 0.36228461 0.10361341 0.27159641 0.10150867 0.12368133
  0.38381793 0.         0.10070807 0.16452748]
 [0.10553593 0.12257999 0.29818821 0.19408548 0.16130091 0.14803068
  0.13441175 0.10070807 0.         0.45369359]
 [0.10680748 0.11177219 0.17403181 0.24805142 0.12497508 0.14074348
  0.14465703 0.16452748 0.45369359 0.        ]]

GENERACIÓN  10 :

Población:
 ['AEDICGBHJF' 'AEBIJDFCGH' 'ACIFDHGBEJ' 'ABECIJDHGF' 'AEBHGDJIFC'
 'ACGHBEFDJI' 'AEFCIJHBDG' 'AEBHGCIJFD' 'AEBDJIHGCF' 'AEBHIFJDGC']
Fitness:
 [319 186 226 185 221 186 222 182 180 336]
Feromona:
 [[0.         0.09584361 0.17814298 0.09043821 0.43257817 0.11908082
  0.10089713 0.09043821 0.10448057 0.1057394 ]
 [0.09584361 0.         0.22176665 0.15868617 0.48897117 0.11049456
  0.10979812 0.38467299 0.12673053 0.11065447]
 [0.17814298 0.22176665 0.         0.11294317 0.10309027 0.28369189
  0.30384898 0.10257727 0.31817032 0.17229149]
 [0.09043821 0.15868617 0.11294317 0.         0.10727797 0.35039378
  0.13375536 0.27871063 0.19527942 0.27478563]
 [0.43257817 0.48897117 0.10309027 0.10727797 0.         0.14157023
  0.15067118 0.10049358 0.1596879  0.12815011]
 [0.11908082 0.11049456 0.28369189 0.35039378 0.14157023 0.
  0.26774713 0.12244452 0.15847623 0.15094153]
 [0.10089713 0.10979812 0.30384898 0.13375536 0.15067118 0.26774713
  0.         0.41613757 0.13306764 0.14321046]
 [0.09043821 0.38467299 0.10257727 0.27871063 0.10049358 0.12244452
  0.41613757 0.         0.10823273 0.1705215 ]
 [0.10448057 0.12673053 0.31817032 0.19527942 0.1596879  0.15847623
  0.13306764 0.10823273 0.         0.4853942 ]
 [0.1057394  0.11065447 0.17229149 0.27478563 0.12815011 0.15094153
  0.14321046 0.1705215  0.4853942  0.        ]]

GENERACIÓN  11 :

Población:
 ['AEBHGJDFCI' 'ACFDHBEIJG' 'AEBCJDGHFI' 'AEBHGIJDFC' 'AEBHDFCIJG'
 'AEBHGCFDJI' 'AEBCGHDJIF' 'AEBHGCFIJD' 'ACFDHBEGJI' 'AEBCFGJDHI']
Fitness:
 [191 166 300 195 164 150 158 158 174 225]
Feromona:
 [[0.         0.09488518 0.18813278 0.08953383 0.47181643 0.11789001
  0.09988816 0.08953383 0.10343577 0.10468201]
 [0.09488518 0.         0.23365588 0.1570993  0.53941672 0.10938961
  0.10870014 0.42205463 0.12546323 0.10954792]
 [0.18813278 0.23365588 0.         0.11181374 0.10205937 0.32652778
  0.32013539 0.1015515  0.32632178 0.17390191]
 [0.08953383 0.1570993  0.11181374 0.         0.10620519 0.3817891
  0.13575114 0.30456587 0.19332663 0.30950425]
 [0.47181643 0.53941672 0.10205937 0.10620519 0.         0.14015453
  0.1549116  0.09948864 0.16411512 0.12686861]
 [0.11789001 0.10938961 0.32652778 0.3817891  0.14015453 0.
  0.26951411 0.12455341 0.17288303 0.14943212]
 [0.09988816 0.10870014 0.32013539 0.13575114 0.1549116  0.26951411
  0.         0.44499823 0.13686517 0.16932718]
 [0.08953383 0.42205463 0.1015515  0.30456587 0.09948864 0.12455341
  0.44499823 0.         0.11159485 0.16881629]
 [0.10343577 0.12546323 0.32632178 0.19332663 0.16411512 0.17288303
  0.13686517 0.11159485 0.         0.52286214]
 [0.10468201 0.10954792 0.17390191 0.30950425 0.12686861 0.14943212
  0.16932718 0.16881629 0.52286214 0.        ]]

GENERACIÓN  12 :

Población:
 ['AEIJHGCBDF' 'AEHBGFDIJC' 'ACGHBEIJFD' 'AEBHGJIFDC' 'AEBFCIJDHG'
 'AEBFJICGHD' 'AEBCIJDHGF' 'AEFBHGCJID' 'AEBHJICFGD' 'AEBHDFCGJI']
Fitness:
 [144 292 184 266 159 189 127 213 173 162]
Feromona:
 [[0.         0.09393633 0.19168623 0.08863849 0.51732911 0.11671111
  0.09888928 0.08863849 0.10240141 0.10363519]
 [0.09393633 0.         0.24613778 0.16247276 0.57462425 0.12457087
  0.1110378  0.44710095 0.1242086  0.10845244]
 [0.19168623 0.24613778 0.         0.114455   0.10103877 0.341505
  0.34547194 0.10053599 0.34829324 0.18028239]
 [0.08863849 0.16247276 0.114455   0.         0.10514313 0.40370733
  0.14017398 0.32714738 0.19951286 0.32057253]
 [0.51732911 0.57462425 0.10103877 0.10514313 0.         0.14344782
  0.15336248 0.10191841 0.17485319 0.12559992]
 [0.11671111 0.12457087 0.341505   0.40370733 0.14344782 0.
  0.28389799 0.12330787 0.1749136  0.15866359]
 [0.09888928 0.1110378  0.34547194 0.14017398 0.15336248 0.28389799
  0.         0.48083604 0.13549651 0.17756615]
 [0.08863849 0.44710095 0.10053599 0.32714738 0.10191841 0.12330787
  0.48083604 0.         0.1104789  0.17985292]
 [0.10240141 0.1242086  0.34829324 0.19951286 0.17485319 0.1749136
  0.13549651 0.1104789  0.         0.57329915]
 [0.10363519 0.10845244 0.18028239 0.32057253 0.12559992 0.15866359
  0.17756615 0.17985292 0.57329915 0.        ]]

GENERACIÓN  13 :

Población:
 ['AEBCFDHGIJ' 'AEBHGCFJID' 'AEBCHGFIJD' 'AEBHGCFJID' 'AEBHGCIJFD'
 'AEBHGJICFD' 'AEBHGCFDJI' 'ACBEDHJIGF' 'AEBGFCDHJI' 'AEBHGCIJDF']
Fitness:
 [174 193 198 193 182 158 150 230 230 143]
Feromona:
 [[0.         0.09299696 0.19411719 0.0877521  0.56314727 0.115544
  0.09790038 0.0877521  0.1013774  0.10259884]
 [0.09299696 0.         0.25882186 0.16084803 0.62421728 0.12332516
  0.11427525 0.47847593 0.12296651 0.10736792]
 [0.19411719 0.25882186 0.         0.11765827 0.10002839 0.37154338
  0.3715341  0.10458113 0.36362693 0.17847956]
 [0.0877521  0.16084803 0.11765827 0.         0.10843953 0.43090068
  0.13877224 0.33831869 0.20788042 0.33607699]
 [0.56314727 0.62421728 0.10002839 0.10843953 0.         0.14201334
  0.15182886 0.10089923 0.17310466 0.12434392]
 [0.115544   0.12332516 0.37154338 0.43090068 0.14201334 0.
  0.29480516 0.12207479 0.17821497 0.17293415]
 [0.09790038 0.11427525 0.3715341  0.13877224 0.15182886 0.29480516
  0.         0.5226713  0.1442365  0.1821196 ]
 [0.0877521  0.47847593 0.10458113 0.33831869 0.10089923 0.12207479
  0.5226713  0.         0.10937411 0.18675004]
 [0.1013774  0.12296651 0.36362693 0.20788042 0.17310466 0.17821497
  0.1442365  0.10937411 0.         0.62290543]
 [0.10259884 0.10736792 0.17847956 0.33607699 0.12434392 0.17293415
  0.1821196  0.18675004 0.62290543 0.        ]]

GENERACIÓN  14 :

Población:
 ['AEBHDJICGF' 'AEBHDJICGF' 'AEBHGFCIJD' 'AEBIJDHGFC' 'AEBHGCIJDF'
 'AEFCGHJIDB' 'AEJHDFGCBI' 'AEBHGCFDJI' 'AEBCDIJHGF' 'AEBHJICGFD']
Fitness:
 [124 124 127 166 143 201 204 150 217 135]
Feromona:
 [[0.         0.09206699 0.19217602 0.08687458 0.6230954  0.11438856
  0.09692138 0.08687458 0.10036362 0.10157285]
 [0.09206699 0.         0.2657439  0.16421467 0.67367762 0.12209191
  0.1131325  0.5187613  0.1326629  0.10629424]
 [0.19217602 0.2657439  0.         0.12108999 0.0990281  0.39336785
  0.41489195 0.10353532 0.39839412 0.17669477]
 [0.08687458 0.16421467 0.12108999 0.         0.10735513 0.45256071
  0.13738452 0.36199059 0.21538504 0.37640303]
 [0.6230954  0.67367762 0.0990281  0.10735513 0.         0.14556833
  0.15031057 0.09989024 0.17137361 0.12800244]
 [0.11438856 0.12209191 0.39336785 0.45256071 0.14556833 0.
  0.33880192 0.12085404 0.17643282 0.17120481]
 [0.09692138 0.1131325  0.41489195 0.13738452 0.15031057 0.33880192
  0.         0.55458579 0.14279414 0.18029841]
 [0.08687458 0.5187613  0.10353532 0.36199059 0.09989024 0.12085404
  0.55458579 0.         0.10828037 0.20677533]
 [0.10036362 0.1326629  0.39839412 0.21538504 0.17137361 0.17643282
  0.14279414 0.10828037 0.         0.67735402]
 [0.10157285 0.10629424 0.17669477 0.37640303 0.12800244 0.17120481
  0.18029841 0.20677533 0.67735402 0.        ]]

GENERACIÓN  15 :

Población:
 ['AEBHDIJFGC' 'ACJIDFGHBE' 'ACBEGHDJIF' 'AEBHGCDJIF' 'AEBDHGCIJF'
 'AEDBHGCIJF' 'AEBCIJGHDF' 'AEIJDFCBHG' 'AEBDHGCFIJ' 'AEBDFHGJIC']
Fitness:
 [199 177 170 226 166 238 158 158 146 226]
Feromona:
 [[0.         0.09114632 0.20178633 0.08600584 0.66047245 0.11324468
  0.09595216 0.08600584 0.09935999 0.10055712]
 [0.09114632 0.         0.28162704 0.1840724  0.71155013 0.12087099
  0.11200117 0.5392041  0.13133627 0.1052313 ]
 [0.20178633 0.28162704 0.         0.12430387 0.09803782 0.4026126
  0.43726803 0.10249997 0.41538985 0.18057754]
 [0.08600584 0.1840724  0.12430387 0.         0.11048326 0.47076783
  0.13601067 0.38848069 0.22390603 0.38927525]
 [0.66047245 0.71155013 0.09803782 0.11048326 0.         0.14411265
  0.15468982 0.09889134 0.17598899 0.12672242]
 [0.11324468 0.12087099 0.4026126  0.47076783 0.14411265 0.
  0.34608874 0.12407028 0.19182494 0.18474366]
 [0.09595216 0.11200117 0.43726803 0.13601067 0.15468982 0.34608874
  0.         0.59915488 0.14136619 0.18924931]
 [0.08600584 0.5392041  0.10249997 0.38848069 0.09889134 0.12407028
  0.59915488 0.         0.10719757 0.20470757]
 [0.09935999 0.13133627 0.41538985 0.22390603 0.17598899 0.19182494
  0.14136619 0.10719757 0.         0.72572056]
 [0.10055712 0.1052313  0.18057754 0.38927525 0.12672242 0.18474366
  0.18924931 0.20470757 0.72572056 0.        ]]

GENERACIÓN  16 :

Población:
 ['AEBHDJICGF' 'AEBHGCIDJF' 'AEBIJDFGCH' 'AEBCFDJIHG' 'AEBDFJICGH'
 'AEBHGCDIJF' 'AEIJDBHGFC' 'AEBHJDGFCI' 'AEGFJICBHD' 'AEBHDGCIJF']
Fitness:
 [124 219 223 205 195 261 142 206 179 217]
Feromona:
 [[0.         0.09023486 0.19976847 0.08514578 0.70691194 0.11211223
  0.09499264 0.08514578 0.09836639 0.09955155]
 [0.09023486 0.         0.28927541 0.19440213 0.74484999 0.11966228
  0.11088116 0.57236571 0.13450721 0.10417898]
 [0.19976847 0.28927541 0.         0.12689224 0.09705744 0.41536114
  0.4635783  0.10595927 0.44404414 0.17877176]
 [0.08514578 0.19440213 0.12689224 0.         0.10937843 0.48055071
  0.14411323 0.40285528 0.2300646  0.4192722 ]
 [0.70691194 0.74484999 0.09705744 0.10937843 0.         0.14267152
  0.15872951 0.09790242 0.18127136 0.12545519]
 [0.11211223 0.11966228 0.41536114 0.48055071 0.14267152 0.
  0.37265989 0.12282958 0.18990669 0.20661695]
 [0.09499264 0.11088116 0.4635783  0.14411323 0.15872951 0.37265989
  0.         0.61860946 0.13995253 0.18735682]
 [0.08514578 0.57236571 0.10595927 0.40285528 0.09790242 0.12282958
  0.61860946 0.         0.11100364 0.20751487]
 [0.09836639 0.13450721 0.44404414 0.2300646  0.18127136 0.18990669
  0.13995253 0.11100364 0.         0.76208699]
 [0.09955155 0.10417898 0.17877176 0.4192722  0.12545519 0.20661695
  0.18735682 0.20751487 0.76208699 0.        ]]

GENERACIÓN  17 :

Población:
 ['AEBCFGHDIJ' 'AEBHGCJIDF' 'AEBHGCIJDF' 'AEIJBHDCGF' 'AEBHGFCIJD'
 'ACIJHGFDBE' 'AEBHDFCJIG' 'AEGHBCFIJD' 'AEBHGCFDJI' 'AGCIJHBEDF']
Fitness:
 [142 166 143 195 127 149 188 174 150 223]
Feromona:
 [[0.         0.08933251 0.20448219 0.08429432 0.75063734 0.11099111
  0.09852702 0.08429432 0.09738272 0.09855603]
 [0.08933251 0.         0.29917204 0.19916952 0.78851639 0.11846565
  0.10977235 0.61487863 0.13316214 0.1082654 ]
 [0.20448219 0.29917204 0.         0.13075153 0.09608687 0.44385674
  0.4882388  0.10489968 0.46566644 0.18832729]
 [0.08429432 0.19916952 0.13075153 0.         0.11276895 0.51194384
  0.1426721  0.41631634 0.2408303  0.44236029]
 [0.75063734 0.78851639 0.09608687 0.11276895 0.         0.14124481
  0.16288934 0.0969234  0.18458685 0.12420064]
 [0.11099111 0.11846565 0.44385674 0.51194384 0.14124481 0.
  0.39568918 0.12160128 0.19375475 0.20455078]
 [0.09852702 0.10977235 0.4882388  0.1426721  0.16288934 0.39568918
  0.         0.65948194 0.14387216 0.18548325]
 [0.08429432 0.61487863 0.10489968 0.41631634 0.0969234  0.12160128
  0.65948194 0.         0.1098936  0.21663543]
 [0.09738272 0.13316214 0.46566644 0.2408303  0.18458685 0.19375475
  0.14387216 0.1098936  0.         0.81645635]
 [0.09855603 0.1082654  0.18832729 0.44236029 0.12420064 0.20455078
  0.18548325 0.21663543 0.81645635 0.        ]]

GENERACIÓN  18 :

Población:
 ['AEBHDIJCGF' 'AGHBCIJFDE' 'AEIJDFGHBC' 'ACGHBEIJDF' 'AEBHGFJICD'
 'AEBHDFGCIJ' 'AEIJDHBFGC' 'AEBHGFCIJD' 'AEBHGCDIJF' 'ACBEIJHGFD']
Fitness:
 [147 285 158 145 234 128 162 127 261 140]
Feromona:
 [[0.         0.08843919 0.21647678 0.08345138 0.78622708 0.1098812
  0.10105052 0.08345138 0.09640889 0.09757047]
 [0.08843919 0.         0.31316106 0.19717782 0.8252648  0.12345384
  0.10867462 0.66223128 0.13183052 0.10718275]
 [0.21647678 0.31316106 0.         0.13754893 0.095126   0.44729219
  0.51487244 0.10385068 0.48447856 0.19324674]
 [0.08345138 0.19717782 0.13754893 0.         0.11515003 0.53851419
  0.14124538 0.43294123 0.24905614 0.46520921]
 [0.78622708 0.8252648  0.095126   0.11515003 0.         0.13983236
  0.16126045 0.09595416 0.20928234 0.12295864]
 [0.1098812  0.12345384 0.44729219 0.53851419 0.13983236 0.
  0.43813984 0.12038527 0.1918172  0.21411896]
 [0.10105052 0.10867462 0.51487244 0.14124538 0.16126045 0.43813984
  0.         0.69274336 0.14243343 0.18362842]
 [0.08345138 0.66223128 0.10385068 0.43294123 0.09595416 0.12038527
  0.69274336 0.         0.10879467 0.22161193]
 [0.09640889 0.13183052 0.48447856 0.24905614 0.20928234 0.1918172
  0.14243343 0.10879467 0.         0.86893608]
 [0.09757047 0.10718275 0.19324674 0.46520921 0.12295864 0.21411896
  0.18362842 0.22161193 0.86893608 0.        ]]

GENERACIÓN  19 :

Población:
 ['AEBCGHDJIF' 'AEBHGCFDJI' 'AEBHGCIJDF' 'AEBGCIFDHJ' 'AEBHGCJIFD'
 'AEICGHBDJF' 'AEBHGCFJID' 'AEBHDFCIJG' 'AEBCFDHJIG' 'AEBHDJCGFI']
Fitness:
 [158 150 143 216 170 198 193 164 187 184]
Feromona:
 [[0.         0.08755479 0.21431201 0.08261686 0.83597737 0.10878238
  0.10004002 0.08261686 0.09544481 0.09659477]
 [0.08755479 0.         0.32170616 0.20025655 0.8695742  0.1222193
  0.11221751 0.69691519 0.13051222 0.10611092]
 [0.21431201 0.32170616 0.         0.13617344 0.09417474 0.46611244
  0.55589112 0.10281218 0.50240448 0.20263141]
 [0.08261686 0.20025655 0.13617344 0.         0.11399853 0.56874586
  0.13983292 0.4564505  0.25174692 0.49103119]
 [0.83597737 0.8695742  0.09417474 0.11399853 0.         0.13843404
  0.15964784 0.09499462 0.21224002 0.12172905]
 [0.10878238 0.1222193  0.46611244 0.56874586 0.13843404 0.
  0.43919322 0.11918142 0.21217491 0.22220962]
 [0.10004002 0.11221751 0.55589112 0.13983292 0.15964784 0.43919322
  0.         0.72191892 0.14635669 0.1878897 ]
 [0.08261686 0.69691519 0.10281218 0.4564505  0.09499462 0.11918142
  0.72191892 0.         0.10770672 0.22937304]
 [0.09544481 0.13051222 0.50240448 0.25174692 0.21224002 0.21217491
  0.14635669 0.10770672 0.         0.90274436]
 [0.09659477 0.10611092 0.20263141 0.49103119 0.12172905 0.22220962
  0.1878897  0.22937304 0.90274436 0.        ]]

GENERACIÓN  20 :

Población:
 ['AEBHDJICFG' 'AEBHGCFDIJ' 'AEBCGHDFIJ' 'AEBHGCFDIJ' 'AEBHGFDIJC'
 'AEBHGCIJDF' 'AEBHGCIJDF' 'AEBDHGCIJF' 'AEBHGCIJDF' 'AEBHGFCIJD']
Fitness:
 [133 158 162 158 175 143 143 166 143 127]
Feromona:
 [[0.         0.08667925 0.21216889 0.08179069 0.89455888 0.10769456
  0.09903962 0.08179069 0.09449036 0.09562882]
 [0.08667925 0.         0.32466193 0.20427808 0.92781975 0.12099711
  0.11109533 0.74469038 0.12920709 0.10504981]
 [0.21216889 0.32466193 0.         0.13481171 0.09323299 0.48950235
  0.59616639 0.10178405 0.53977637 0.20631938]
 [0.08179069 0.20427808 0.13481171 0.         0.11285855 0.60858278
  0.13843459 0.47160173 0.26760197 0.52249272]
 [0.89455888 0.92781975 0.09323299 0.11285855 0.         0.1370497
  0.15805136 0.09404468 0.21011762 0.12051176]
 [0.10769456 0.12099711 0.48950235 0.60858278 0.1370497  0.
  0.45590839 0.1179896  0.216226   0.22601162]
 [0.09903962 0.11109533 0.59616639 0.13843459 0.15805136 0.45590839
  0.         0.77412221 0.14489313 0.1860108 ]
 [0.08179069 0.74469038 0.10178405 0.47160173 0.09404468 0.1179896
  0.77412221 0.         0.10662965 0.22707931]
 [0.09449036 0.12920709 0.53977637 0.26760197 0.21011762 0.216226
  0.14489313 0.10662965 0.         0.9606582 ]
 [0.09562882 0.10504981 0.20631938 0.52249272 0.12051176 0.22601162
  0.1860108  0.22707931 0.9606582  0.        ]]

GENERACIÓN  21 :

Población:
 ['AEBHGCFJID' 'AEBDFCIJHG' 'AEBCGHJIFD' 'ACBEHDIJGF' 'AEBDJICGHF'
 'AEBHGFICJD' 'AEBHJDFCIG' 'AEBHGCIJDF' 'ACGFJIEBHD' 'ADIJGEBHCF']
Fitness:
 [193 147 169 246 186 180 213 143 165 229]
Feromona:
 [[0.         0.08581245 0.22017285 0.0853396  0.92613426 0.10661762
  0.09804922 0.08097279 0.09354545 0.09467253]
 [0.08581245 0.         0.33139751 0.21441437 0.97355498 0.11978713
  0.10998438 0.77009564 0.12791502 0.10399931]
 [0.22017285 0.33139751 0.         0.13346359 0.09230066 0.50565305
  0.61973319 0.10513303 0.56380107 0.20981174]
 [0.0853396  0.21441437 0.13346359 0.         0.11172996 0.62690467
  0.13705025 0.47701136 0.27853915 0.53988753]
 [0.92613426 0.97355498 0.09230066 0.11172996 0.         0.1356792
  0.16083766 0.09716927 0.21407705 0.11930664]
 [0.10661762 0.11978713 0.50565305 0.62690467 0.1356792  0.
  0.4670305  0.12218605 0.22553645 0.23499346]
 [0.09804922 0.10998438 0.61973319 0.13705025 0.16083766 0.4670305
  0.         0.80220713 0.14813903 0.19258255]
 [0.08097279 0.77009564 0.10513303 0.47701136 0.09716927 0.12218605
  0.80220713 0.         0.10556336 0.24222323]
 [0.09354545 0.12791502 0.56380107 0.27853915 0.21407705 0.22553645
  0.14813903 0.10556336 0.         0.99581466]
 [0.09467253 0.10399931 0.20981174 0.53988753 0.11930664 0.23499346
  0.19258255 0.24222323 0.99581466 0.        ]]

GENERACIÓN  22 :

Población:
 ['AEBHGCIJDF' 'AEJFGHBDIC' 'AEBHIJCFGD' 'AEBCGHDIJF' 'AEBHGFCIJD'
 'AEBHGCFDIJ' 'AEBHDFICGJ' 'AEBHGCIJDF' 'AEBHGCIJDF' 'AEBHDFCIJG']
Fitness:
 [143 234 227 193 127 158 200 143 143 164]
Feromona:
 [[0.         0.08495433 0.21797112 0.0844862  0.97701276 0.10555144
  0.09706873 0.08016306 0.09261    0.09372581]
 [0.08495433 0.         0.33326489 0.21654373 1.01968577 0.11858926
  0.10888453 0.81735319 0.12663587 0.10295932]
 [0.21797112 0.33326489 0.         0.13212896 0.09137766 0.52530249
  0.65102534 0.1040817  0.60238716 0.21211891]
 [0.0844862  0.21654373 0.13212896 0.         0.11061266 0.65904132
  0.14008503 0.48852015 0.29153772 0.56334169]
 [0.97701276 1.01968577 0.09137766 0.11061266 0.         0.13432241
  0.15922929 0.09619758 0.21193628 0.12238708]
 [0.10555144 0.11858926 0.52530249 0.65904132 0.13432241 0.
  0.47891301 0.12096419 0.22828109 0.24209838]
 [0.09706873 0.10888453 0.65102534 0.14008503 0.15922929 0.47891301
  0.         0.83882206 0.14665764 0.20175428]
 [0.08016306 0.81735319 0.1040817  0.48852015 0.09619758 0.12096419
  0.83882206 0.         0.10891301 0.239801  ]
 [0.09261    0.12663587 0.60238716 0.29153772 0.21193628 0.22828109
  0.14665764 0.10891301 0.         1.03672285]
 [0.09372581 0.10295932 0.21211891 0.56334169 0.12238708 0.24209838
  0.20175428 0.239801   1.03672285 0.        ]]

GENERACIÓN  23 :

Población:
 ['AEBHGCFDJI' 'AEBHIJDFGC' 'AEBHGFCIJD' 'AEBHGCIJDF' 'AEBCFGHDIJ'
 'AEBHGFCIJD' 'AEBHDFCIJG' 'AEBHDIJFGC' 'AEBHGFCIJD' 'AEBHGFCIJD']
Fitness:
 [150 202 127 143 142 127 164 199 127 127]
Feromona:
 [[0.         0.08410479 0.21579141 0.08364134 1.03551381 0.10449592
  0.09609804 0.07936143 0.0916839  0.09278855]
 [0.08410479 0.         0.33697449 0.21437829 1.07776009 0.11740337
  0.10779569 0.87040857 0.12536951 0.10192972]
 [0.21579141 0.33697449 0.         0.13080767 0.09046388 0.57135201
  0.66815038 0.10304088 0.64094992 0.20999772]
 [0.08364134 0.21437829 0.13080767 0.         0.10950654 0.67715864
  0.13868418 0.50179989 0.30068972 0.60781451]
 [1.03551381 1.07776009 0.09046388 0.10950654 0.         0.13297918
  0.15763699 0.0952356  0.20981692 0.12116321]
 [0.10449592 0.11740337 0.57135201 0.67715864 0.13297918 0.
  0.52263781 0.11975455 0.22599828 0.24470252]
 [0.09609804 0.10779569 0.66815038 0.13868418 0.15763699 0.52263781
  0.         0.88263183 0.14519106 0.2058343 ]
 [0.07936143 0.87040857 0.10304088 0.50179989 0.0952356  0.11975455
  0.88263183 0.         0.11277437 0.23740299]
 [0.0916839  0.12536951 0.64094992 0.30068972 0.20981692 0.22599828
  0.14519106 0.11277437 0.         1.0946268 ]
 [0.09278855 0.10192972 0.20999772 0.60781451 0.12116321 0.24470252
  0.2058343  0.23740299 1.0946268  0.        ]]

GENERACIÓN  24 :

Población:
 ['AEBHGFDJIC' 'AEBHDJCFGI' 'ACHBEFGIJD' 'AEBCIJDFGH' 'AEBHGCIJDF'
 'AEBHDIJCGF' 'AEBHDCIJGF' 'AEBHGCIJDF' 'ABHGDJCFEI' 'AEBHGCFDJI']
Fitness:
 [152 196 243 156 143 147 207 143 264 150]
Feromona:
 [[0.         0.08705162 0.21774872 0.08280493 1.07553623 0.10345097
  0.09513706 0.07856781 0.09076706 0.09186066]
 [0.08705162 0.         0.340015   0.21223451 1.12147528 0.11622934
  0.10671773 0.9135749  0.12411582 0.10091043]
 [0.21774872 0.340015   0.         0.13433051 0.08955924 0.58119508
  0.68892428 0.1061257  0.66634655 0.22359038]
 [0.08280493 0.21223451 0.13433051 0.         0.10841147 0.70402894
  0.14108522 0.51351757 0.30448555 0.64838339]
 [1.07553623 1.12147528 0.08955924 0.10841147 0.         0.1395525
  0.15606062 0.09428325 0.21150663 0.11995158]
 [0.10345097 0.11622934 0.58119508 0.70402894 0.1395525  0.
  0.55125154 0.118557   0.22373829 0.2422555 ]
 [0.09513706 0.10671773 0.68892428 0.14108522 0.15606062 0.55125154
  0.         0.91123527 0.15295642 0.20860687]
 [0.07856781 0.9135749  0.1061257  0.51351757 0.09428325 0.118557
  0.91123527 0.         0.11164663 0.23502896]
 [0.09076706 0.12411582 0.66634655 0.30448555 0.21150663 0.22373829
  0.15295642 0.11164663 0.         1.13307128]
 [0.09186066 0.10091043 0.22359038 0.64838339 0.11995158 0.2422555
  0.20860687 0.23502896 1.13307128 0.        ]]

GENERACIÓN  25 :

Población:
 ['AEBHGCFIJD' 'AEBHGCIJFD' 'AEBHGCIJDF' 'AEBHGCJIFD' 'AEBHGJDFCI'
 'AEBHJICGFD' 'AEBCIJGFDH' 'AEGHDFBCIJ' 'AEBCIJHGFD' 'AGEBHDJICF']
Fitness:
 [158 182 143 170 191 135 168 170 138 156]
Feromona:
 [[0.         0.0861811  0.21557124 0.08197688 1.12120397 0.10241646
  0.10059595 0.07778214 0.08985939 0.09094206]
 [0.0861811  0.         0.35569596 0.21011216 1.16721153 0.1209494
  0.10565056 0.9481914  0.12287466 0.09990132]
 [0.21557124 0.35569596 0.         0.1329872  0.08866365 0.5933581
  0.71414143 0.10506444 0.71030498 0.22723683]
 [0.08197688 0.21011216 0.1329872  0.         0.10732736 0.74708263
  0.13967437 0.52662739 0.30144069 0.66686754]
 [1.12120397 1.16721153 0.08866365 0.10732736 0.         0.13815697
  0.16679263 0.09334041 0.20939156 0.11875206]
 [0.10241646 0.1209494  0.5933581  0.74708263 0.13815697 0.
  0.56634519 0.11737143 0.23371238 0.24532745]
 [0.10059595 0.10565056 0.71414143 0.13967437 0.16679263 0.56634519
  0.         0.94518623 0.15142686 0.21770879]
 [0.07778214 0.9481914  0.10506444 0.52662739 0.09334041 0.11737143
  0.94518623 0.         0.11053016 0.24733245]
 [0.08985939 0.12287466 0.71030498 0.30144069 0.20939156 0.23371238
  0.15142686 0.11053016 0.         1.17933832]
 [0.09094206 0.09990132 0.22723683 0.66686754 0.11875206 0.24532745
  0.21770879 0.24733245 1.17933832 0.        ]]

GENERACIÓN  26 :

Población:
 ['AEBDHGCFIJ' 'AEBDJICGFH' 'AEIJGCBHDF' 'AEBHJICFGD' 'AEBHDGJICF'
 'AIJEBHDFCG' 'AEBHGFCIJD' 'AEBHGCFIJD' 'AEBHGCIJFD' 'ACBHDFGJIE']
Fitness:
 [146 196 161 173 193 158 127 158 182 172]
Feromona:
 [[0.         0.08531929 0.21922948 0.08115711 1.1588138  0.10139229
  0.09958999 0.07700431 0.09528991 0.09003264]
 [0.08531929 0.         0.36416414 0.2199624  1.20447921 0.1197399
  0.10459405 0.98772306 0.12164591 0.09890231]
 [0.21922948 0.36416414 0.         0.13165733 0.08777701 0.62576777
  0.74331528 0.10401379 0.73263418 0.22496446]
 [0.08115711 0.2199624  0.13165733 0.         0.10625408 0.76346056
  0.14923932 0.55174602 0.29842629 0.67950403]
 [1.1588138  1.20447921 0.08777701 0.10625408 0.         0.1367754
  0.1651247  0.09240701 0.21932278 0.12389365]
 [0.10139229 0.1197399  0.62576777 0.76346056 0.1367754  0.
  0.5852521  0.12129976 0.24455368 0.24836868]
 [0.09958999 0.10459405 0.74331528 0.14923932 0.1651247  0.5852521
  0.         0.96228132 0.14991259 0.23273818]
 [0.07700431 0.98772306 0.10401379 0.55174602 0.09240701 0.12129976
  0.96228132 0.         0.10942486 0.25063948]
 [0.09528991 0.12164591 0.73263418 0.29842629 0.21932278 0.24455368
  0.14991259 0.10942486 0.         1.22850987]
 [0.09003264 0.09890231 0.22496446 0.67950403 0.12389365 0.24836868
  0.23273818 0.25063948 1.22850987 0.        ]]

GENERACIÓN  27 :

Población:
 ['AEBHGCFIJD' 'AEBHDJICFG' 'AEBHGCJIFD' 'AEBHDFGCIJ' 'AEBHGFDIJC'
 'AEBHDJICFG' 'ABEICFGHDJ' 'AEBCGHJIDF' 'AEBHDJIFCG' 'AEBHDGCJIF']
Fitness:
 [158 133 170 128 175 133 155 165 164 205]
Feromona:
 [[0.         0.09091771 0.21703718 0.08034554 1.20503772 0.10037837
  0.09859409 0.07623427 0.09433701 0.08913231]
 [0.09091771 0.         0.3665831  0.21776277 1.25669809 0.1185425
  0.10354811 1.02959728 0.12042945 0.09791329]
 [0.21703718 0.3665831  0.         0.13034076 0.08689924 0.65342597
  0.77294231 0.10297366 0.75460955 0.23918951]
 [0.08034554 0.21776277 0.13034076 0.         0.10519154 0.7812957
  0.15262497 0.58650588 0.30721691 0.70662487]
 [1.20503772 1.25669809 0.08689924 0.10519154 0.         0.13540765
  0.16347345 0.09148294 0.22358117 0.12265472]
 [0.10037837 0.1185425  0.65342597 0.7812957  0.13540765 0.
  0.61441557 0.12008676 0.26529522 0.24588499]
 [0.09859409 0.10354811 0.77294231 0.15262497 0.16347345 0.61441557
  0.         0.98309648 0.14841346 0.2304108 ]
 [0.07623427 1.02959728 0.10297366 0.58650588 0.09148294 0.12008676
  0.98309648 0.         0.10833061 0.25419369]
 [0.09433701 0.12042945 0.75460955 0.30721691 0.22358117 0.26529522
  0.14841346 0.10833061 0.         1.27403683]
 [0.08913231 0.09791329 0.23918951 0.70662487 0.12265472 0.24588499
  0.2304108  0.25419369 1.27403683 0.        ]]

GENERACIÓN  28 :

Población:
 ['AEIJHBDFCG' 'AEBHDFCIJG' 'AEGCIJHBDF' 'AEBHJICGFD' 'AEBHDFCGJI'
 'AEBHDJICGF' 'AECBHGFDJI' 'AEBHGCIJDF' 'AEBHGCFDJI' 'AEBHGCIJDF']
Fitness:
 [150 164 151 135 162 124 200 143 150 143]
Feromona:
 [[0.         0.09000853 0.21486681 0.07954208 1.25967153 0.09937458
  0.09760815 0.07547193 0.09339364 0.08824099]
