Los caminos:
 [[ 0 12  3 23  1  5 23 56 12 11]
 [12  0  9 18  3 41 45  5 41 27]
 [ 3  9  0 89 56 21 12 48 14 29]
 [23 18 89  0 87 46 75 17 50 42]
 [ 1  3 56 87  0 55 22 86 14 33]
 [ 5 41 21 46 55  0 21 76 54 81]
 [23 45 12 75 22 21  0 11 57 48]
 [56  5 48 17 86 76 11  0 63 24]
 [12 41 14 50 14 54 57 63  0  9]
 [11 27 29 42 33 81 48 24  9  0]]

COMIENZO PROCESO:  21-05-2019 23:29:29

Feromona Inicial:
 [[0.  0.1 0.1 0.1 0.1 0.1 0.1 0.1 0.1 0.1]
 [0.1 0.  0.1 0.1 0.1 0.1 0.1 0.1 0.1 0.1]
 [0.1 0.1 0.  0.1 0.1 0.1 0.1 0.1 0.1 0.1]
 [0.1 0.1 0.1 0.  0.1 0.1 0.1 0.1 0.1 0.1]
 [0.1 0.1 0.1 0.1 0.  0.1 0.1 0.1 0.1 0.1]
 [0.1 0.1 0.1 0.1 0.1 0.  0.1 0.1 0.1 0.1]
 [0.1 0.1 0.1 0.1 0.1 0.1 0.  0.1 0.1 0.1]
 [0.1 0.1 0.1 0.1 0.1 0.1 0.1 0.  0.1 0.1]
 [0.1 0.1 0.1 0.1 0.1 0.1 0.1 0.1 0.  0.1]
 [0.1 0.1 0.1 0.1 0.1 0.1 0.1 0.1 0.1 0. ]]

Visibilidad:
 [[0, 0.08333333333333333, 0.3333333333333333, 0.043478260869565216, 1.0, 0.2, 0.043478260869565216, 0.017857142857142856, 0.08333333333333333, 0.09090909090909091], [0.08333333333333333, 0, 0.1111111111111111, 0.05555555555555555, 0.3333333333333333, 0.024390243902439025, 0.022222222222222223, 0.2, 0.024390243902439025, 0.037037037037037035], [0.3333333333333333, 0.1111111111111111, 0, 0.011235955056179775, 0.017857142857142856, 0.047619047619047616, 0.08333333333333333, 0.020833333333333332, 0.07142857142857142, 0.034482758620689655], [0.043478260869565216, 0.05555555555555555, 0.011235955056179775, 0, 0.011494252873563218, 0.021739130434782608, 0.013333333333333334, 0.058823529411764705, 0.02, 0.023809523809523808], [1.0, 0.3333333333333333, 0.017857142857142856, 0.011494252873563218, 0, 0.01818181818181818, 0.045454545454545456, 0.011627906976744186, 0.07142857142857142, 0.030303030303030304], [0.2, 0.024390243902439025, 0.047619047619047616, 0.021739130434782608, 0.01818181818181818, 0, 0.047619047619047616, 0.013157894736842105, 0.018518518518518517, 0.012345679012345678], [0.043478260869565216, 0.022222222222222223, 0.08333333333333333, 0.013333333333333334, 0.045454545454545456, 0.047619047619047616, 0, 0.09090909090909091, 0.017543859649122806, 0.020833333333333332], [0.017857142857142856, 0.2, 0.020833333333333332, 0.058823529411764705, 0.011627906976744186, 0.013157894736842105, 0.09090909090909091, 0, 0.015873015873015872, 0.041666666666666664], [0.08333333333333333, 0.024390243902439025, 0.07142857142857142, 0.02, 0.07142857142857142, 0.018518518518518517, 0.017543859649122806, 0.015873015873015872, 0, 0.1111111111111111], [0.09090909090909091, 0.037037037037037035, 0.034482758620689655, 0.023809523809523808, 0.030303030303030304, 0.012345679012345678, 0.020833333333333332, 0.041666666666666664, 0.1111111111111111, 0]]

GENERACIÓN  1 :

Población:
 ['ACBDEFGHIJ' 'AFDBHGIECJ' 'AEBJHGCFID' 'AEBCGIJHDF' 'ABCEGFIJHD'
 'AFCHBEJDIG' 'AFBCJIEGHD' 'AEGCIFDBHJ' 'ACBEFJHGDI' 'AEDJIHFBGC']
Fitness:
 [276 241 203 178 224 264 157 196 311 376]
Feromona:
 [[0.         0.10346429 0.10583862 0.099      0.1173057  0.13241496
  0.099      0.099      0.099      0.099     ]
 [0.10346429 0.         0.14139859 0.11187461 0.1165474  0.12713728
  0.10165957 0.1120393  0.099      0.10392611]
 [0.10583862 0.14139859 0.         0.099      0.10761366 0.10771399
  0.1173057  0.10278788 0.10410204 0.12862708]
 [0.099      0.11187461 0.099      0.         0.10528276 0.1138694
  0.10221543 0.13455997 0.11092942 0.10544745]
 [0.1173057  0.1165474  0.10761366 0.10528276 0.         0.10583862
  0.13404403 0.099      0.12862708 0.10278788]
 [0.13241496 0.12713728 0.10771399 0.1138694  0.10583862 0.
  0.10708747 0.10165957 0.11349243 0.10221543]
 [0.099      0.10165957 0.1173057  0.10221543 0.13404403 0.10708747
  0.         0.14039182 0.11255523 0.099     ]
 [0.099      0.1120393  0.10278788 0.13455997 0.099      0.10165957
  0.14039182 0.         0.10528276 0.12232585]
 [0.099      0.099      0.10410204 0.11092942 0.12862708 0.11349243
  0.11255523 0.10528276 0.         0.14084273]
 [0.099      0.10392611 0.12862708 0.10544745 0.10278788 0.10221543
  0.099      0.12232585 0.14084273 0.        ]]

GENERACIÓN  2 :

Población:
 ['AEBIDHFJGC' 'AEBCJHGIDF' 'AIHGCJBFDE' 'ACIFJHEBDG' 'AFGEICBJHD'
 'AEIFGBCHJD' 'AEBCGIFJHD' 'ACIBHEJFGD' 'AEBHIJGCDF' 'AEBHJIDFCG']
Fitness:
 [329 230 328 358 153 258 258 359 276 171]
Feromona:
 [[0.         0.10242964 0.11035905 0.09801    0.14074306 0.1572346
  0.09801    0.09801    0.10105878 0.09801   ]
 [0.10242964 0.         0.17822816 0.11354916 0.13890967 0.12891469
  0.10451895 0.12317556 0.10383503 0.13207942]
 [0.11035905 0.17822816 0.         0.10163319 0.10653753 0.1124848
  0.13556805 0.10563597 0.13478362 0.13473742]
 [0.09801    0.11354916 0.10163319 0.         0.10727872 0.12959845
  0.10677209 0.16627364 0.12305542 0.10826895]
 [0.14074306 0.13890967 0.10653753 0.10727872 0.         0.10478024
  0.15884738 0.10358881 0.15736057 0.10454552]
 [0.1572346  0.12891469 0.1124848  0.12959845 0.10478024 0.
  0.13882187 0.10368249 0.12290274 0.11368757]
 [0.09801    0.10451895 0.13556805 0.10677209 0.15884738 0.13882187
  0.         0.1463845  0.11965348 0.1046727 ]
 [0.09801    0.12317556 0.10563597 0.16627364 0.10358881 0.10368249
  0.1463845  0.         0.1109019  0.16798739]
 [0.10105878 0.10383503 0.13478362 0.12305542 0.15736057 0.12290274
  0.11965348 0.1109019  0.         0.14890545]
 [0.09801    0.13207942 0.13473742 0.10826895 0.10454552 0.11368757
  0.1046727  0.16798739 0.14890545 0.        ]]

GENERACIÓN  3 :

Población:
 ['AEBDCHGIJF' 'AGFBEIJCHD' 'AFHDIJCGEB' 'AEBDJICGHF' 'ABHJIEDFGC'
 'AEBHGFDCIJ' 'AEGCIJHBDF' 'AFHBJIEGCD' 'AEBCJIDHGF' 'ACBEIFGHDJ']
Fitness:
 [317 205 223 186 230 199 151 259 150 174]
Feromona:
 [[0.         0.10575317 0.11500258 0.0970299  0.18618086 0.16400757
  0.10190795 0.0970299  0.10004819 0.0970299 ]
 [0.10575317 0.         0.20885967 0.1275671  0.19285277 0.13250359
  0.10347376 0.14180028 0.10279668 0.13461963]
 [0.11500258 0.20885967 0.         0.11265756 0.10547215 0.11135995
  0.15890436 0.11261223 0.15045977 0.16941907]
 [0.0970299  0.1275671  0.11265756 0.         0.11055375 0.14429793
  0.10570437 0.20638705 0.15297584 0.11830973]
 [0.18618086 0.19285277 0.10547215 0.11055375 0.         0.10373243
  0.17222674 0.10255292 0.17462097 0.10350006]
 [0.16400757 0.13250359 0.11135995 0.14429793 0.10373243 0.
  0.18409845 0.11636732 0.12742084 0.11570527]
 [0.10190795 0.10347376 0.15890436 0.10570437 0.17222674 0.18409845
  0.         0.1908905  0.12161152 0.10362598]
 [0.0970299  0.14180028 0.11261223 0.20638705 0.10255292 0.11636732
  0.1908905  0.         0.10979289 0.17727786]
 [0.10004819 0.10279668 0.15045977 0.15297584 0.17462097 0.12742084
  0.12161152 0.10979289 0.         0.2118328 ]
 [0.0970299  0.13461963 0.16941907 0.11830973 0.10350006 0.11570527
  0.10362598 0.17727786 0.2118328  0.        ]]

GENERACIÓN  4 :

Población:
 ['ACIHBEJDFG' 'AEIGHFCBDJ' 'AEBHIFGCDJ' 'AEBHGICJDF' 'ACEIBDHJFG'
 'AEICGHBJFD' 'AIEGJDHFCB' 'ACFDHBEIJG' 'AEBDICFJHG' 'AIJEGFCBHD']
Fitness:
 [230 249 290 208 275 211 261 166 223 149]
Feromona:
 [[0.         0.10469564 0.12786084 0.0960596  0.20581473 0.16236749
  0.10088887 0.0960596  0.12972477 0.0960596 ]
 [0.10469564 0.         0.2414642  0.13842816 0.21403643 0.13117856
  0.10243902 0.19059514 0.10540508 0.13801277]
 [0.12786084 0.2414642  0.         0.11497926 0.10805379 0.15544787
  0.16550293 0.11148611 0.16733433 0.17253257]
 [0.0960596  0.13842816 0.11497926 0.         0.10944822 0.16277391
  0.10464733 0.2446607  0.15593038 0.13757791]
 [0.20581473 0.21403643 0.10805379 0.10944822 0.         0.10269511
  0.20118152 0.10152739 0.19512204 0.13365852]
 [0.16236749 0.13117856 0.15544787 0.16277391 0.10269511 0.
  0.22053557 0.12305113 0.12959491 0.12740822]
 [0.10088887 0.10243902 0.16550293 0.10464733 0.20118152 0.22053557
  0.         0.20702899 0.12921916 0.11244523]
 [0.0960596  0.19059514 0.11148611 0.2446607  0.10152739 0.12305113
  0.20702899 0.         0.11649106 0.18362575]
 [0.12972477 0.10540508 0.16733433 0.15593038 0.19512204 0.12959491
  0.12921916 0.11649106 0.         0.24258421]
 [0.0960596  0.13801277 0.17253257 0.13757791 0.13365852 0.12740822
  0.11244523 0.18362575 0.24258421 0.        ]]

GENERACIÓN  5 :

Población:
 ['AEIJBCFGHD' 'ADJIEBCGFH' 'AEBCJDFHGI' 'AEBCIGFDHJ' 'AFHBEIJCGD'
 'AEBHDJICGF' 'ACFBDHGJEI' 'AEBHIJCDGF' 'AEBFJCIDHG' 'AEIJHGCFBD']
Fitness:
 [130 209 274 192 228 124 206 295 247 151]
Feromona:
 [[0.         0.10364868 0.1314366  0.09988369 0.26662585 0.16512978
  0.09987998 0.095099   0.12842752 0.095099  ]
 [0.10364868 0.         0.26038452 0.14852077 0.26962117 0.14539224
  0.10141463 0.22872305 0.10435102 0.14432495]
 [0.1314366  0.26038452 0.         0.1172193  0.10697326 0.17306259
  0.21189914 0.11037125 0.20717597 0.18628126]
 [0.09988369 0.14852077 0.1172193  0.         0.10835373 0.17000414
  0.11137665 0.29627575 0.15841966 0.17689452]
 [0.26662585 0.26962117 0.10697326 0.10835373 0.         0.10166816
  0.19916971 0.10051212 0.22151067 0.13717631]
 [0.16512978 0.14539224 0.17306259 0.17000414 0.10166816 0.
  0.27166344 0.13464091 0.12829896 0.13018273]
 [0.09987998 0.10141463 0.21189914 0.11137665 0.19916971 0.27166344
  0.         0.23182611 0.13678493 0.11617515]
 [0.095099   0.22872305 0.11037125 0.29627575 0.10051212 0.13464091
  0.23182611 0.         0.11871598 0.19362034]
 [0.12842752 0.10435102 0.20717597 0.15841966 0.22151067 0.12829896
  0.13678493 0.11871598 0.         0.29929174]
 [0.095099   0.14432495 0.18628126 0.17689452 0.13717631 0.13018273
  0.11617515 0.19362034 0.29929174 0.        ]]

GENERACIÓN  6 :

Población:
 ['AEBGFDCHJI' 'AEGCIJBHDF' 'AEIJHBCGFD' 'AEIGHDBFCJ' 'AEBDHJICFG'
 'AEBHICGFDJ' 'AEBHGCFJID' 'AEGBHDCIJF' 'ACBEJHDFGI' 'AEBDJIFGCH']
Fitness:
 [286 153 141 209 128 207 193 283 213 208]
Feromona:
 [[0.         0.1026122  0.13481707 0.09888486 0.33547246 0.16347848
  0.09888118 0.09414801 0.12714324 0.09414801]
 [0.1026122  0.         0.26956771 0.18787794 0.32118625 0.148723
  0.10743056 0.2536098  0.10330751 0.14941765]
 [0.13481707 0.26956771 0.         0.12307718 0.10590352 0.212548
  0.23822825 0.11757173 0.25125465 0.18920313]
 [0.09888486 0.18787794 0.12307718 0.         0.1072702  0.1949545
  0.11026288 0.34411203 0.16201681 0.18476418]
 [0.33547246 0.32118625 0.10590352 0.1072702  0.         0.10065148
  0.20724753 0.099507   0.23117245 0.14049938]
 [0.16347848 0.148723   0.212548   0.1949545  0.10065148 0.
  0.32511895 0.1332945  0.13182366 0.13759581]
 [0.09888118 0.10743056 0.23822825 0.11026288 0.20724753 0.32511895
  0.         0.23947389 0.14489661 0.11501339]
 [0.09414801 0.2536098  0.11757173 0.34411203 0.099507   0.1332945
  0.23947389 0.         0.12235974 0.23821768]
 [0.12714324 0.10330751 0.25125465 0.16201681 0.23117245 0.13182366
  0.14489661 0.12235974 0.         0.35819608]
 [0.09414801 0.14941765 0.18920313 0.18476418 0.14049938 0.13759581
  0.11501339 0.23821768 0.35819608 0.        ]]

GENERACIÓN  7 :

Población:
 ['AEBHGCFIJD' 'ACIFGHDEBJ' 'AEBHGCIJFD' 'AFCIGDHJBE' 'AEBHGCIJDF'
 'AEBCGFIJHD' 'AEBHGCJIFD' 'AFGECBHJID' 'AEBHIDJCGF' 'AEBCIJGHDF']
Fitness:
 [158 237 182 243 143 150 170 201 226 158]
Feromona:
 [[0.         0.10158608 0.13768831 0.09789601 0.39521629 0.17093405
  0.09789237 0.09320653 0.12587181 0.09320653]
 [0.10158608 0.         0.28484294 0.18599916 0.38940759 0.14723577
  0.10635625 0.3061516  0.10227444 0.15625811]
 [0.13768831 0.28484294 0.         0.12184641 0.10981961 0.22086686
  0.29261541 0.11639601 0.29687238 0.19761823]
 [0.09789601 0.18599916 0.12184641 0.         0.1104169  0.23868295
  0.11327548 0.36200133 0.16979655 0.22164246]
 [0.39521629 0.38940759 0.10981961 0.1104169  0.         0.09964496
  0.21015018 0.09851193 0.22886072 0.13909439]
 [0.17093405 0.14723577 0.22086686 0.23868295 0.09964496 0.
  0.34215374 0.13196155 0.15360297 0.14171436]
 [0.09789237 0.10635625 0.29261541 0.11327548 0.21015018 0.34215374
  0.         0.29330567 0.14756287 0.12019237]
 [0.09320653 0.3061516  0.11639601 0.36200133 0.09851193 0.13196155
  0.29330567 0.         0.12556092 0.25159252]
 [0.12587181 0.10227444 0.29687238 0.16979655 0.22886072 0.15360297
  0.14756287 0.12556092 0.         0.41826303]
 [0.09320653 0.15625811 0.19761823 0.22164246 0.13909439 0.14171436
  0.12019237 0.25159252 0.41826303 0.        ]]

GENERACIÓN  8 :

Población:
 ['AEICGHDBJF' 'AFJIEBCGHD' 'AGHDCFBEIJ' 'AEBHDFGCIJ' 'AEBHGCIJDF'
 'AEBCIJHDGF' 'AFJEBHDGCI' 'AEBHDFGCIJ' 'AEBDHGCIJF' 'AEBHDFCIJG']
Fitness:
 [195 161 228 128 143 173 245 128 166 164]
Feromona:
 [[0.         0.10057021 0.13631143 0.09691705 0.46034984 0.17951752
  0.10129941 0.09227447 0.12461309 0.09227447]
 [0.10057021 0.         0.29398603 0.19529147 0.4641498  0.15014938
  0.10529269 0.35932479 0.1012517  0.15982373]
 [0.13631143 0.29398603 0.         0.12501391 0.10872142 0.22914172
  0.35718988 0.11523205 0.36707101 0.19564205]
 [0.09691705 0.19529147 0.12501391 0.         0.10931274 0.28844919
  0.1220047  0.4351528  0.16809858 0.22641904]
 [0.46034984 0.4641498  0.10872142 0.10931274 0.         0.09864851
  0.20804868 0.09752681 0.24229747 0.14178507]
 [0.17951752 0.15014938 0.22914172 0.28844919 0.09864851 0.
  0.38357505 0.13064194 0.15206694 0.16174233]
 [0.10129941 0.10529269 0.35718988 0.1220047  0.20804868 0.38357505
  0.         0.31911507 0.14608724 0.12508801]
 [0.09227447 0.35932479 0.11523205 0.4351528  0.09752681 0.13064194
  0.31911507 0.         0.12430531 0.25485694]
 [0.12461309 0.1012517  0.36707101 0.16809858 0.24229747 0.15206694
  0.14608724 0.12430531 0.         0.48863505]
 [0.09227447 0.15982373 0.19564205 0.22641904 0.14178507 0.16174233
  0.12508801 0.25485694 0.48863505 0.        ]]

GENERACIÓN  9 :

Población:
 ['AIEBHGFDCJ' 'ACFDBEIJHG' 'AEBHDFGCIJ' 'ACBEIJFGHD' 'AEBFHDJICG'
 'AEBCIJFGHD' 'AEBHGCIDJF' 'AEBCGHDFIJ' 'ACGHBEFDJI' 'AEBHGCFJID']
Fitness:
 [230 149 128 168 215 166 219 162 186 193]
Feromona:
 [[0.         0.09956451 0.15298845 0.09594788 0.513592   0.17772235
  0.10028642 0.09135172 0.12771479 0.09135172]
 [0.09956451 0.         0.30919549 0.20004996 0.53974192 0.15329905
  0.10423976 0.40645327 0.10023918 0.15822549]
 [0.15298845 0.30919549 0.         0.12811159 0.1076342  0.23874306
  0.41081589 0.11407973 0.40989177 0.19803346]
 [0.09594788 0.20004996 0.12811159 0.         0.10821961 0.33942312
  0.12078466 0.48485175 0.17616515 0.23874857]
 [0.513592   0.53974192 0.1076342  0.10821961 0.         0.10303837
  0.20596819 0.09655154 0.25688611 0.14036722]
 [0.17772235 0.15329905 0.23874306 0.33942312 0.10303837 0.
  0.4273136  0.13398668 0.15671911 0.18184894]
 [0.10028642 0.10423976 0.41081589 0.12078466 0.20596819 0.4273136
  0.         0.36025637 0.14462637 0.12383713]
 [0.09135172 0.40645327 0.11407973 0.48485175 0.09655154 0.13398668
  0.36025637 0.         0.12306226 0.25901978]
 [0.12771479 0.10023918 0.40989177 0.17616515 0.25688611 0.15671911
  0.14462637 0.12306226 0.         0.55506828]
 [0.09135172 0.15822549 0.19803346 0.23874857 0.14036722 0.18184894
  0.12383713 0.25901978 0.55506828 0.        ]]

GENERACIÓN  10 :

Población:
 ['AEBHDJICGF' 'ACIJEBHGFD' 'AEBHGFCIJD' 'AEBCGDIJHF' 'AEJIGHBCDF'
 'AEBHGFIJCD' 'AFCIJBHDGE' 'AEBCFGHDJI' 'AEBCGFDHJI' 'ACGFBEIJHD']
Fitness:
 [124 145 127 259 260 222 195 134 142 144]
Feromona:
 [[0.         0.09856887 0.16529956 0.0949884  0.57530476 0.18107333
  0.09928355 0.09043821 0.12643764 0.09043821]
 [0.09856887 0.         0.32831563 0.19804946 0.61118802 0.1587105
  0.10319736 0.46289623 0.09923679 0.16177144]
 [0.16529956 0.32831563 0.         0.13518114 0.10655786 0.25682053
  0.45681349 0.11293894 0.45794969 0.20055763]
 [0.0949884  0.19804946 0.13518114 0.         0.10713741 0.35381385
  0.12856602 0.53883889 0.17826451 0.28395585]
 [0.57530476 0.61118802 0.10655786 0.10713741 0.         0.10200799
  0.20903671 0.09558603 0.26126169 0.14970626]
 [0.18107333 0.1587105  0.25682053 0.35381385 0.10200799 0.
  0.49602299 0.13650782 0.15965642 0.18003045]
 [0.09928355 0.10319736 0.45681349 0.12856602 0.20903671 0.49602299
  0.         0.38723772 0.14702626 0.12259876]
 [0.09043821 0.46289623 0.11293894 0.53883889 0.09558603 0.13650782
  0.38723772 0.         0.12183163 0.27427728]
 [0.12643764 0.09923679 0.45794969 0.17826451 0.26126169 0.15965642
  0.14702626 0.12183163 0.         0.63533548]
 [0.09043821 0.16177144 0.20055763 0.28395585 0.14970626 0.18003045
  0.12259876 0.27427728 0.63533548 0.        ]]

GENERACIÓN  11 :

Población:
 ['AEBHGFCIJD' 'AEICGFDHBJ' 'AEBCIJHGFD' 'AEBHDJICGF' 'AEBHGFDIJC'
 'AFCBEIHGDJ' 'AEBJHGFICD' 'AEBHGCJIFD' 'AEBHJICGFD' 'AEBHJICGFD']
Fitness:
 [127 157 138 124 175 243 244 170 135 135]
Feromona:
 [[0.         0.09758318 0.16364657 0.09403852 0.65380941 0.18337782
  0.09829072 0.08953383 0.12517326 0.08953383]
 [0.09758318 0.         0.33639408 0.19606897 0.68707964 0.1571234
  0.10216539 0.53118023 0.09824442 0.17062152]
 [0.16364657 0.33639408 0.         0.13792769 0.10549228 0.26624157
  0.51157002 0.11180955 0.52603125 0.21014869]
 [0.09403852 0.19606897 0.13792769 0.         0.10606604 0.39030296
  0.13139559 0.57207799 0.18219615 0.3253636 ]
 [0.65380941 0.68707964 0.10549228 0.10606604 0.         0.10098791
  0.20694634 0.09463017 0.26913373 0.14820919]
 [0.18337782 0.1571234  0.26624157 0.39030296 0.10098791 0.
  0.5694381  0.13514274 0.16804057 0.17823015]
 [0.09829072 0.10216539 0.51157002 0.13139559 0.20694634 0.5694381
  0.         0.41829596 0.145556   0.12137277]
 [0.08953383 0.53118023 0.11180955 0.57207799 0.09463017 0.13514274
  0.41829596 0.         0.12472854 0.29769406]
 [0.12517326 0.09824442 0.52603125 0.18219615 0.26913373 0.16804057
  0.145556   0.12472854 0.         0.70277204]
 [0.08953383 0.17062152 0.21014869 0.3253636  0.14820919 0.17823015
  0.12137277 0.29769406 0.70277204 0.        ]]

GENERACIÓN  12 :

Población:
 ['AEBDHGCIJF' 'AFDHGCIEBJ' 'AEBHDIJCGF' 'AEBHFGCJID' 'AEBHGCIJDF'
 'AIJEBCGFDH' 'AEBHGFDIJC' 'AEBCGHDFIJ' 'AEBHGIJCFD' 'AEBJDCIFGH']
Fitness:
 [166 149 147 206 143 162 175 162 182 262]
Feromona:
 [[0.         0.09660735 0.1620101  0.09309813 0.71412296 0.18825545
  0.09730781 0.08863849 0.13009437 0.08863849]
 [0.09660735 0.         0.34537582 0.20013238 0.75994473 0.15555217
  0.10114374 0.57670634 0.09726197 0.1794435 ]
 [0.1620101  0.34537582 0.         0.1403652  0.10443736 0.26907366
  0.57116462 0.11069145 0.56529526 0.23091308]
 [0.09309813 0.20013238 0.1403652  0.         0.10500538 0.44463784
  0.13008163 0.59824112 0.19774556 0.35389878]
 [0.71412296 0.75994473 0.10443736 0.10500538 0.         0.09997803
  0.20487688 0.09368386 0.2731538  0.15289994]
 [0.18825545 0.15555217 0.26907366 0.44463784 0.09997803 0.
  0.59110473 0.13864568 0.1763498  0.18247194]
 [0.09730781 0.10114374 0.57116462 0.13008163 0.20487688 0.59110473
  0.         0.47601896 0.14959494 0.12015904]
 [0.08863849 0.57670634 0.11069145 0.59824112 0.09368386 0.13864568
  0.47601896 0.         0.12348126 0.29471712]
 [0.13009437 0.09726197 0.56529526 0.19774556 0.2731538  0.1763498
  0.14959494 0.12348126 0.         0.764952  ]
 [0.08863849 0.1794435  0.23091308 0.35389878 0.15289994 0.18247194
  0.12015904 0.29471712 0.764952   0.        ]]

GENERACIÓN  13 :

Población:
 ['AEBHGFJICD' 'AEBHGFIJDC' 'AEBHJIFDGC' 'AEBHDJICFG' 'AEBCIJHGFD'
 'AEBHDGFIJC' 'AEIJBHDFGC' 'AEICJHDFGB' 'AEBCIJHDFG' 'AEBHCGFDJI']
Fitness:
 [234 235 229 133 138 214 152 211 144 187]
Feromona:
 [[0.         0.09564127 0.16039    0.09216715 0.78548215 0.1863729
  0.09633473 0.0877521  0.12879343 0.0877521 ]
 [0.09564127 0.         0.35611288 0.19813105 0.81952742 0.15399664
  0.10487164 0.63050953 0.09628935 0.18422802]
 [0.16039    0.35611288 0.         0.14749037 0.10339298 0.29645811
  0.58174633 0.11493213 0.61292116 0.23801619]
 [0.09216715 0.19813105 0.14749037 0.         0.10395532 0.47541498
  0.13782052 0.64526952 0.19576811 0.3900379 ]
 [0.78548215 0.81952742 0.10339298 0.10395532 0.         0.09897825
  0.20282811 0.09274703 0.28174055 0.15137094]
 [0.1863729  0.15399664 0.29645811 0.47541498 0.09897825 0.
  0.65932729 0.13725922 0.18788133 0.18492073]
 [0.09633473 0.10487164 0.58174633 0.13782052 0.20282811 0.65932729
  0.         0.48703397 0.14809899 0.11895745]
 [0.0877521  0.63050953 0.11493213 0.64526952 0.09274703 0.13725922
  0.48703397 0.         0.12224644 0.31506692]
 [0.12879343 0.09628935 0.61292116 0.19576811 0.28174055 0.18788133
  0.14809899 0.12224644 0.         0.83106357]
 [0.0877521  0.18422802 0.23801619 0.3900379  0.15137094 0.18492073
  0.11895745 0.31506692 0.83106357 0.        ]]

GENERACIÓN  14 :

Población:
 ['AEBDHIJFGC' 'AEBHJICGFD' 'AEBHGCFDJI' 'AEDHGCJIFB' 'AEBCGJIDHF'
 'AEBHGCIJDF' 'AEBCGFIJDH' 'AFCGHBEIJD' 'AEBJICGFHD' 'AEBCGHIJDF']
Fitness:
 [225 135 150 261 225 143 168 122 180 196]
Feromona:
 [[0.         0.09468486 0.1587861  0.09124548 0.82802469 0.21729605
  0.09537138 0.08687458 0.12750549 0.08687458]
 [0.09468486 0.         0.36805062 0.20059419 0.89068498 0.1562881
  0.10382292 0.6780584  0.09532646 0.18794129]
 [0.1587861  0.36805062 0.         0.14601547 0.10235906 0.33294708
  0.65911311 0.11378281 0.62674792 0.23946744]
 [0.09124548 0.20059419 0.14601547 0.         0.10674719 0.49682995
  0.13644232 0.66304507 0.19825487 0.4436385 ]
 [0.82802469 0.89068498 0.10235906 0.10674719 0.         0.09798847
  0.20079983 0.09181956 0.31171003 0.14985723]
 [0.21729605 0.1562881  0.33294708 0.49682995 0.09798847 0.
  0.67609381 0.14588663 0.19578632 0.18751597]
 [0.09537138 0.10382292 0.65911311 0.13644232 0.20079983 0.67609381
  0.         0.53754365 0.146618   0.12221232]
 [0.08687458 0.6780584  0.11378281 0.66304507 0.09181956 0.14588663
  0.53754365 0.         0.13057047 0.31932366]
 [0.12750549 0.09532646 0.62674792 0.19825487 0.31171003 0.19578632
  0.146618   0.13057047 0.         0.90593718]
 [0.08687458 0.18794129 0.23946744 0.4436385  0.14985723 0.18751597
  0.12221232 0.31932366 0.90593718 0.        ]]

GENERACIÓN  15 :

Población:
 ['AEIDHBCGFJ' 'AEBHGFCIJD' 'AEBGHDJICF' 'AEBHDJCIGF' 'AEBHGCIJDF'
 'AEIGHDFBCJ' 'AFGEBCIJHD' 'AEBHFGCIJD' 'AEBHDFJICG' 'ACIEBHDJFG']
Fitness:
 [210 127 163 189 143 225 124 183 188 200]
Feromona:
 [[0.         0.09373801 0.16219824 0.09033302 0.86602742 0.24738116
  0.09441767 0.08600584 0.12623044 0.08600584]
 [0.09373801 0.         0.40583453 0.19858825 0.95611282 0.15916966
  0.10891966 0.71198138 0.0943732  0.18606188]
 [0.16219824 0.40583453 0.         0.14455532 0.10133546 0.3436266
  0.67506052 0.11264498 0.69481513 0.24680822]
 [0.09033302 0.19858825 0.14455532 0.         0.10567972 0.50861825
  0.13507789 0.71962416 0.20103423 0.47595959]
 [0.86602742 0.95611282 0.10133546 0.10567972 0.         0.09700858
  0.2310499  0.09090136 0.32279928 0.14835866]
 [0.24738116 0.15916966 0.3436266  0.50861825 0.09700858 0.
  0.72998234 0.14989225 0.19382845 0.20072186]
 [0.09441767 0.10891966 0.67506052 0.13507789 0.2310499  0.72998234
  0.         0.55761465 0.15488727 0.1209902 ]
 [0.08600584 0.71198138 0.11264498 0.71962416 0.09090136 0.14989225
  0.55761465 0.         0.12926476 0.34838849]
 [0.12623044 0.0943732  0.69481513 0.20103423 0.32279928 0.19382845
  0.15488727 0.12926476 0.         0.96092149]
 [0.08600584 0.18606188 0.24680822 0.47595959 0.14835866 0.20072186
  0.1209902  0.34838849 0.96092149 0.        ]]

GENERACIÓN  16 :

Población:
 ['AEBHGCIJDF' 'AJIFCGHDBE' 'AEBHDIJGFC' 'AEBFGCIJDH' 'AEBHDGCIJF'
 'AEBCIDHGFJ' 'AEBHDFCIJG' 'AEBIJCFGHD' 'AEBCFGHIJD' 'AEBHGFICJD']
Fitness:
 [143 156 175 160 217 207 164 153 180 180]
Feromona:
 [[0.         0.09280063 0.16057626 0.08942969 0.93048729 0.24490735
  0.09347349 0.08514578 0.12496813 0.09155603]
 [0.09280063 0.         0.41216265 0.20301262 1.0260821  0.16382796
  0.10783046 0.75480929 0.09996541 0.18420126]
 [0.16057626 0.41216265 0.         0.14310976 0.10032211 0.37050394
  0.7135505  0.11151853 0.74318134 0.25643164]
 [0.08942969 0.20301262 0.14310976 0.         0.10462292 0.53760165
  0.13833541 0.75287518 0.20956909 0.51653314]
 [0.93048729 1.0260821  0.10032211 0.10462292 0.         0.0960385
  0.2287394  0.08999235 0.31957128 0.14687507]
 [0.24490735 0.16382796 0.37050394 0.53760165 0.0960385  0.
  0.75712478 0.14839332 0.20385598 0.20815385]
 [0.09347349 0.10783046 0.7135505  0.13833541 0.2287394  0.75712478
  0.         0.60889876 0.1533384  0.13159215]
 [0.08514578 0.75480929 0.11151853 0.75287518 0.08999235 0.14839332
  0.60889876 0.         0.13352767 0.3449046 ]
 [0.12496813 0.09996541 0.74318134 0.20956909 0.31957128 0.20385598
  0.1533384  0.13352767 0.         1.02045621]
 [0.09155603 0.18420126 0.25643164 0.51653314 0.14687507 0.20815385
  0.13159215 0.3449046  1.02045621 0.        ]]

GENERACIÓN  17 :

Población:
 ['AEBHGFCIJD' 'AEBHGFDIJC' 'AEBCHDIJGF' 'AEBHGCIJDF' 'AEBHJICGFD'
 'AEBJDHGCFI' 'AEBHJICGFD' 'AEBCGHDJIF' 'AEBHDFCIJG' 'AEIGFCBHDJ']
Fitness:
 [127 175 206 143 135 188 135 158 164 187]
Feromona:
 [[0.         0.09187263 0.15897049 0.0885354  1.00814838 0.24245827
  0.09253876 0.08429432 0.12371845 0.09064047]
 [0.09187263 0.         0.4245721  0.20098249 1.09743964 0.16218968
  0.10675216 0.81772453 0.09896576 0.1876784 ]
 [0.15897049 0.4245721  0.         0.14167866 0.09931889 0.41505926
  0.73987108 0.11525772 0.79515097 0.25958161]
 [0.0885354  0.20098249 0.14167866 0.         0.10357669 0.56584531
  0.13695206 0.77329421 0.21804205 0.56685273]
 [1.00814838 1.09743964 0.09931889 0.10357669 0.         0.09507811
  0.226452   0.08909242 0.32172316 0.14540632]
 [0.24245827 0.16218968 0.41505926 0.56584531 0.09507811 0.
  0.81178066 0.14690939 0.21346568 0.20607232]
 [0.09253876 0.10675216 0.73987108 0.13695206 0.226452   0.81178066
  0.         0.65866139 0.15715261 0.14122815]
 [0.08429432 0.81772453 0.11525772 0.77329421 0.08909242 0.14690939
  0.65866139 0.         0.13219239 0.35627037]
 [0.12371845 0.09896576 0.79515097 0.21804205 0.32172316 0.21346568
  0.15715261 0.13219239 0.         1.08655086]
 [0.09064047 0.1876784  0.25958161 0.56685273 0.14540632 0.20607232
  0.14122815 0.35627037 1.08655086 0.        ]]

GENERACIÓN  18 :

Población:
 ['AEBHGCIJDF' 'AEBHGCFDJI' 'AEBHGCIFJD' 'AEBJHGCIFD' 'AEBHDJICGF'
 'AEICGHBJDF' 'AEBHGCIJDF' 'ACFGDBHJIE' 'AJICGHBEDF' 'AEBFGCIDHJ']
Fitness:
 [143 150 223 192 124 172 143 190 198 183]
Feromona:
 [[0.         0.0909539  0.16264395 0.08765004 1.07194871 0.24003369
  0.09161337 0.08345138 0.12248127 0.09478457]
 [0.0909539  0.         0.42032638 0.20423583 1.15958361 0.16603227
  0.10568464 0.88306995 0.0979761  0.1968239 ]
 [0.16264395 0.42032638 0.         0.14026188 0.0983257  0.42283849
  0.81140469 0.11410514 0.85946512 0.25698579]
 [0.08765004 0.20423583 0.14026188 0.         0.10759143 0.59691233
  0.14084569 0.80328382 0.22132611 0.62439321]
 [1.07194871 1.15958361 0.0983257  0.10759143 0.         0.09412733
  0.22418748 0.0882015  0.32958304 0.14395226]
 [0.24003369 0.16603227 0.42283849 0.59691233 0.09412733 0.
  0.84664855 0.1454403  0.22102367 0.2084959 ]
 [0.09161337 0.10568464 0.81140469 0.14084569 0.22418748 0.84664855
  0.         0.69328456 0.15558108 0.13981587]
 [0.08345138 0.88306995 0.11410514 0.80328382 0.0882015  0.1454403
  0.69328456 0.         0.13087047 0.36864364]
 [0.12248127 0.0979761  0.85946512 0.22132611 0.32958304 0.22102367
  0.15558108 0.13087047 0.         1.13890976]
 [0.09478457 0.1968239  0.25698579 0.62439321 0.14395226 0.2084959
  0.13981587 0.36864364 1.13890976 0.        ]]

GENERACIÓN  19 :

Población:
 ['AECFGHBDJI' 'AEBHGCJIFD' 'AEBCIJHGFD' 'AEBHDFCGJI' 'AEBCJIFGHD'
 'AEBHDIJCGF' 'ACIJGEBHDF' 'AEBCGHJIDF' 'AEIJDBHGCF' 'AEBHDGCIJF']
Fitness:
 [184 170 138 162 154 147 167 165 133 217]
Feromona:
 [[0.         0.09004436 0.16700553 0.08677354 1.14000589 0.23763335
  0.09069724 0.08261686 0.12125645 0.09383673]
 [0.09004436 0.         0.43592361 0.23770344 1.1972425  0.16437194
  0.10462779 0.93920345 0.09699634 0.19485566]
 [0.16700553 0.43592361 0.         0.13885926 0.10277723 0.46029292
  0.86289265 0.11296409 0.86871316 0.27359451]
 [0.08677354 0.23770344 0.13885926 0.         0.10651551 0.6222934
  0.14404553 0.82531636 0.23197618 0.65365925]
 [1.14000589 1.1972425  0.10277723 0.10651551 0.         0.09318606
  0.22793363 0.08731948 0.3563624  0.14251274]
 [0.23763335 0.16437194 0.46029292 0.6222934  0.09318606 0.
  0.86415946 0.14398589 0.23118929 0.21101923]
 [0.09069724 0.10462779 0.86289265 0.14404553 0.22793363 0.86415946
  0.         0.74754452 0.15402527 0.15057858]
 [0.08261686 0.93920345 0.11296409 0.82531636 0.08731948 0.14398589
  0.74754452 0.         0.12956176 0.37826419]
 [0.12125645 0.09699634 0.86871316 0.23197618 0.3563624  0.23118929
  0.15402527 0.12956176 0.         1.21228536]
 [0.09383673 0.19485566 0.27359451 0.65365925 0.14251274 0.21101923
  0.15057858 0.37826419 1.21228536 0.        ]]

GENERACIÓN  20 :

Población:
 ['AEBHDJICGF' 'AEBHDJICGF' 'AEBHGCIJDF' 'AEIJHCGFDB' 'AEBHGFJICD'
 'AEJICGFDHB' 'AEBHDJICGF' 'AEBCIJDHGF' 'AEBHGCFIJD' 'AFJHBEGCID']
Fitness:
 [124 124 143 193 234 158 124 127 158 216]
Feromona:
 [[0.         0.08914392 0.16533548 0.08590581 1.21397303 0.23988665
  0.08979026 0.08179069 0.12004389 0.09289836]
 [0.08914392 0.         0.43943839 0.24050775 1.26375644 0.16272822
  0.10358151 1.00675288 0.09602638 0.1929071 ]
 [0.16533548 0.43943839 0.         0.14174417 0.10174945 0.4620191
  0.93211303 0.11701579 0.9385124  0.27085857]
 [0.08590581 0.24050775 0.14174417 0.         0.10545036 0.63457394
  0.14260508 0.87965343 0.23428604 0.71670589]
 [1.21397303 1.26375644 0.10174945 0.10545036 0.         0.0922542
  0.23028393 0.08644629 0.35798012 0.14741672]
 [0.23988665 0.16272822 0.4620191  0.63457394 0.0922542  0.
  0.92756294 0.14254603 0.23520651 0.21781218]
 [0.08979026 0.10358151 0.93211303 0.14260508 0.23028393 0.92756294
  0.         0.76553872 0.15248502 0.14907279]
 [0.08179069 1.00675288 0.11701579 0.87965343 0.08644629 0.14254603
  0.76553872 0.         0.12826615 0.38429252]
 [0.12004389 0.09602638 0.9385124  0.23428604 0.35798012 0.23520651
  0.15248502 0.12826615 0.         1.2855297 ]
 [0.09289836 0.1929071  0.27085857 0.71670589 0.14741672 0.21781218
  0.14907279 0.38429252 1.2855297  0.        ]]

GENERACIÓN  21 :

Población:
 ['AEBHDICGFJ' 'AEBICGHDJF' 'AFDIJEBHGC' 'AEBHGFCIJD' 'AEBHGFCIJD'
 'AEBHDFJICG' 'AEBCHDJIFG' 'AEBHJICGFD' 'AEBHGCIJDF' 'AEBCIDFGHJ']
Fitness:
 [204 222 174 127 127 188 204 135 143 179]
Feromona:
 [[0.         0.08825248 0.16368212 0.08504675 1.28081796 0.24323491
  0.08889236 0.08097279 0.11884345 0.09196938]
 [0.08825248 0.         0.44553256 0.23810267 1.33585066 0.16110094
  0.1025457  1.06642408 0.09957062 0.19097803]
 [0.16368212 0.44553256 0.         0.14032673 0.10073196 0.49676899
  0.95766505 0.1207476  1.00320997 0.26814998]
 [0.08504675 0.23810267 0.14032673 0.         0.10439586 0.65928148
  0.14117903 0.89048447 0.24817886 0.76530838]
 [1.28081796 1.33585066 0.10073196 0.10439586 0.         0.09133165
  0.22798109 0.08558183 0.35440032 0.15168968]
 [0.24323491 0.16110094 0.49676899 0.65928148 0.09133165 0.
  0.98045531 0.14112057 0.23775641 0.23035967]
 [0.08889236 0.1025457  0.95766505 0.14117903 0.22798109 0.98045531
  0.         0.82008464 0.15096017 0.14758206]
 [0.08097279 1.06642408 0.1207476  0.89048447 0.08558183 0.14112057
  0.82008464 0.         0.12698348 0.3934436 ]
 [0.11884345 0.09957062 1.00320997 0.24817886 0.35440032 0.23775641
  0.15096017 0.12698348 0.         1.34241313]
 [0.09196938 0.19097803 0.26814998 0.76530838 0.15168968 0.23035967
  0.14758206 0.3934436  1.34241313 0.        ]]

GENERACIÓN  22 :

Población:
 ['AEBHJICGFD' 'AEBCFGJIDH' 'AEBCIJHGFD' 'AEBHGFCIJD' 'AEBHGCFDJI'
 'AEBHGFCIJD' 'AEGCFDBHJI' 'AEICGFDHJB' 'AEBCIJDHGF' 'AEBCIJDHGF']
Fitness:
 [135 179 138 127 150 127 158 176 127 127]
Feromona:
 [[0.         0.08736995 0.1620453  0.08419628 1.36204587 0.24080256
  0.08800344 0.08016306 0.11765502 0.09104968]
 [0.08736995 0.         0.46965823 0.24205076 1.40451731 0.15948993
  0.10152024 1.11553311 0.09857491 0.19475007]
 [0.1620453  0.46965823 0.         0.13892346 0.09972464 0.54975375
  0.97417341 0.11954012 1.06863159 0.26546848]
 [0.08419628 0.24205076 0.13892346 0.         0.1033519  0.68602005
  0.13976724 0.90859606 0.25128367 0.81944007]
 [1.36204587 1.40451731 0.09972464 0.1033519  0.         0.09041834
  0.23203039 0.08472601 0.35653814 0.15017279]
 [0.24080256 0.15948993 0.54975375 0.68602005 0.09041834 0.
  1.05169106 0.13970937 0.23537884 0.22805607]
 [0.08800344 0.10152024 0.97417341 0.13976724 0.23203039 1.05169106
  0.         0.88091495 0.14945057 0.15169284]
 [0.08016306 1.11553311 0.11954012 0.90859606 0.08472601 0.13970937
  0.88091495 0.         0.12571365 0.41617388]
 [0.11765502 0.09857491 1.06863159 0.25128367 0.35653814 0.23537884
  0.14945057 0.12571365 0.         1.41734327]
 [0.09104968 0.19475007 0.26546848 0.81944007 0.15017279 0.22805607
  0.15169284 0.41617388 1.41734327 0.        ]]

GENERACIÓN  23 :

Población:
 ['AEGJICBHDF' 'AEBHJICFDG' 'AEBHDIJGCF' 'AEBHCIJDFG' 'AEBCGHDIJF'
 'AEBHJICFGD' 'AEBCGFDHJI' 'AEBHDJICFG' 'AEBHFCIJDG' 'AEBCJIGHDF']
Fitness:
 [171 198 166 189 193 173 142 133 246 182]
Feromona:
 [[0.         0.08649625 0.16042485 0.08335432 1.42827765 0.23839454
  0.0871234  0.07936143 0.11647847 0.09013919]
 [0.08649625 0.         0.48852771 0.23963025 1.46447642 0.15789503
  0.10050504 1.16651191 0.09758916 0.19280257]
 [0.16042485 0.48852771 0.         0.13753423 0.09872739 0.59525139
  0.98267937 0.12363572 1.11405531 0.2683083 ]
 [0.08335432 0.23963025 0.13753423 0.         0.10231838 0.70788607
  0.15326546 0.95917545 0.25997627 0.85067691]
 [1.42827765 1.46447642 0.09872739 0.10231838 0.         0.08951415
  0.23555804 0.08387875 0.35297276 0.14867106]
 [0.23839454 0.15789503 0.59525139 0.70788607 0.08951415 0.
  1.08936294 0.14237732 0.23302505 0.23095686]
 [0.0871234  0.10050504 0.98267937 0.15326546 0.23555804 1.08936294
  0.         0.88278165 0.15345057 0.16204796]
 [0.07936143 1.16651191 0.12363572 0.95917545 0.08387875 0.14237732
  0.88278165 0.         0.12445651 0.42988524]
 [0.11647847 0.09758916 1.11405531 0.25997627 0.35297276 0.23302505
  0.15345057 0.12445651 0.         1.48302208]
 [0.09013919 0.19280257 0.2683083  0.85067691 0.14867106 0.23095686
  0.16204796 0.42988524 1.48302208 0.        ]]

GENERACIÓN  24 :

Población:
 ['AEBHDFGCIJ' 'AEBHGCIJDF' 'AEBGFHDJIC' 'AEBCHGFDJI' 'AEICGFBHJD'
 'AEBHGFCIJD' 'AEBHGCIJDF' 'AEBHGFCIJD' 'AEBHDJICGF' 'AEBCIJHDFG']
Fitness:
 [128 143 228 190 174 127 143 127 124 144]
Feromona:
 [[0.         0.08563129 0.1588206  0.08252077 1.50614018 0.23601059
  0.08625217 0.07856781 0.11531368 0.08923779]
 [0.08563129 0.         0.49585003 0.23723395 1.53622984 0.16206321
  0.10388595 1.23039853 0.09661327 0.19087454]
 [0.1588206  0.49585003 0.         0.13615889 0.09774012 0.60504691
  1.03265628 0.12766252 1.1897969  0.26562522]
 [0.08252077 0.23723395 0.13615889 0.         0.10129519 0.73481332
  0.1517328  1.00098467 0.25737651 0.9195585 ]
 [1.50614018 1.53622984 0.09774012 0.10129519 0.         0.08861901
  0.23320246 0.08303996 0.35519016 0.14718435]
 [0.23601059 0.16206321 0.60504691 0.73481332 0.08861901 0.
  1.1566286  0.14533951 0.2306948  0.22864729]
 [0.08625217 0.10388595 1.03265628 0.1517328  0.23320246 1.1566286
  0.         0.90895104 0.15191606 0.16042748]
 [0.07856781 1.23039853 0.12766252 1.00098467 0.08303996 0.14533951
  0.90895104 0.         0.12321195 0.43827796]
 [0.11531368 0.09661327 1.1897969  0.25737651 0.35519016 0.2306948
  0.15191606 0.12321195 0.         1.55459003]
 [0.08923779 0.19087454 0.26562522 0.9195585  0.14718435 0.22864729
  0.16042748 0.43827796 1.55459003 0.        ]]

GENERACIÓN  25 :

Población:
 ['AEBHGFCIJD' 'AEBHDIJCGF' 'AEBHGICFDJ' 'AEBHDJICGF' 'AEBHGCIJDF'
 'ACBEIFGJHD' 'AEBHGCIJDF' 'AEICBJDFGH' 'AEBCIJHGFD' 'AEBHJICGFD']
Fitness:
 [127 147 200 124 143 193 143 185 138 135]
Feromona:
 [[0.         0.08477498 0.16241374 0.08169557 1.57705878 0.23365048
  0.08538965 0.07778214 0.11416054 0.08834542]
 [0.08477498 0.         0.50872466 0.23486161 1.60662348 0.16044258
  0.10284709 1.29142277 0.09564714 0.1943712 ]
 [0.16241374 0.50872466 0.         0.1347973  0.09676272 0.61187046
  1.08278393 0.1263859  1.25707622 0.26977169]
 [0.08169557 0.23486161 0.1347973  0.         0.10028224 0.76651039
  0.15021547 1.03521695 0.26160547 0.97488641]
 [1.57705878 1.60662348 0.09676272 0.10028224 0.         0.08773282
  0.23087043 0.08220956 0.36222501 0.1457125 ]
 [0.23365048 0.16044258 0.61187046 0.76651039 0.08773282 0.
  1.21723766 0.14388611 0.2335692  0.22636082]
 [0.08538965 0.10284709 1.08278393 0.15021547 0.23087043 1.21723766
  0.         0.93937334 0.1553969  0.16400455]
 [0.07778214 1.29142277 0.1263859  1.03521695 0.08220956 0.14388611
  0.93937334 0.         0.12197983 0.45373031]
 [0.11416054 0.09564714 1.25707622 0.26160547 0.36222501 0.2335692
  0.1553969  0.12197983 0.         1.61461873]
 [0.08834542 0.1943712  0.26977169 0.97488641 0.1457125  0.22636082
  0.16400455 0.45373031 1.61461873 0.        ]]

GENERACIÓN  26 :

Población:
 ['AEBHGFCIJD' 'AEBHGCIJFD' 'AEBHGCFDJI' 'AEBHJICGFD' 'AEBHJGFDIC'
 'AEBHDJICGF' 'AEICGFBHJD' 'AEBHGIJDFC' 'AEBHDJICGF' 'AEBHDJFCGI']
Fitness:
 [127 182 150 135 212 124 174 195 124 239]
Feromona:
 [[0.         0.08392723 0.1607896  0.08087861 1.64882978 0.23131398
  0.08453575 0.07700431 0.11301894 0.08746196]
 [0.08392723 0.         0.50363742 0.23251299 1.67235171 0.16458528
  0.10181862 1.36605013 0.09469067 0.19242749]
 [0.1607896  0.50363742 0.         0.13344932 0.09579509 0.62960474
  1.14177847 0.12512204 1.31606807 0.26707397]
 [0.08087861 0.23251299 0.13344932 0.         0.09927942 0.78825906
  0.14871332 1.06937146 0.26370639 1.03506024]
 [1.64882978 1.67235171 0.09579509 0.09927942 0.         0.08685549
  0.22856173 0.08138746 0.36434988 0.14425538]
 [0.23131398 0.16458528 0.62960474 0.78825906 0.08685549 0.
  1.27113339 0.14244725 0.23123351 0.23377581]
 [0.08453575 0.10181862 1.14177847 0.14871332 0.22856173 1.27113339
  0.         0.955143   0.16315524 0.16708149]
 [0.07700431 1.36605013 0.12512204 1.06937146 0.08138746 0.14244725
  0.955143   0.         0.12076003 0.46706452]
 [0.11301894 0.09469067 1.31606807 0.26370639 0.36434988 0.23123351
  0.16315524 0.12076003 0.         1.67136593]
 [0.08746196 0.19242749 0.26707397 1.03506024 0.14425538 0.23377581
  0.16708149 0.46706452 1.67136593 0.        ]]

GENERACIÓN  27 :

Población:
 ['AEBHGFCIJD' 'AEBHGCIJDF' 'AEBHDJICGF' 'AEBHDFGCIJ' 'AEBHDIJFCG'
 'AEBCFDJIHG' 'AEIJDFGCBH' 'AEBCGFDHJI' 'AEBHGCIJDF' 'AEBCIJDHGF']
Fitness:
 [127 143 124 128 199 205 159 142 143 127]
Feromona:
 [[0.         0.08308796 0.15918171 0.08006982 1.72538083 0.22900084
  0.08369039 0.07623427 0.11188875 0.08658734]
 [0.08308796 0.         0.52468467 0.23018787 1.74237823 0.16293943
  0.10080044 1.42563466 0.09374376 0.19050322]
 [0.15918171 0.52468467 0.         0.13211483 0.09483714 0.64108588
  1.20277396 0.12387082 1.372712   0.26440323]
 [0.08006982 0.23018787 0.13211483 0.         0.09828663 0.82038459
  0.14722619 1.11868971 0.26609446 1.09786911]
 [1.72538083 1.74237823 0.09483714 0.09828663 0.         0.08598694
  0.22627611 0.08057359 0.36699569 0.14281283]
 [0.22900084 0.16293943 0.64108588 0.82038459 0.08598694 0.
  1.32757221 0.14102278 0.22892117 0.23646318]
 [0.08369039 0.10080044 1.20277396 0.14722619 0.22627611 1.32757221
  0.         0.98020366 0.16152369 0.16541067]
 [0.07623427 1.42563466 0.12387082 1.11868971 0.08057359 0.14102278
  0.98020366 0.         0.12443048 0.46943613]
 [0.11188875 0.09374376 1.372712   0.26609446 0.36699569 0.22892117
  0.16152369 0.12443048 0.         1.74769161]
 [0.08658734 0.19050322 0.26440323 1.09786911 0.14281283 0.23646318
  0.16541067 0.46943613 1.74769161 0.        ]]

GENERACIÓN  28 :

Población:
 ['AEICBHDFGJ' 'AEBHDFCGJI' 'AEGCIJDBHF' 'AEBHJICFGD' 'AFGHBEICJD'
 'AEBCGFDHJI' 'AEBCFDHGIJ' 'AEBHGFJICD' 'AEIJGFCBHD' 'AEBHDJICGF']
Fitness:
 [175 162 199 173 144 142 174 234 145 124]
Feromona:
 [[0.         0.08225708 0.15758989 0.07926913 1.78703712 0.23365528
